n: 100
m: 5000
c:
[
 0.5 0.4340102 0.5528846 0.5343915 0.6650367 0.4755784 0.6565657 0.3369272 0.4846797 0.5587467 0.4868035 0.6880734 0.5151515 0.6066066 0.4658385 0.7236364 0.8013937 0.7032967 0.2890625 0.4431373 0.6130268 0.5153846 0.7356828 0.736 0.563786 0.5435685 0.5159817 0.8039216 0.7464789 0.7345972 0.547619 0.6959459 0.7419355 0.622093 0.7169811 0.5804196 0.3954802 0.6466667 0.7923077 0.8425197 0.5724138 0.8119658 0.7083333 0.7244898 0.6404494 0.7040816 0.4772727 0.7264151 0.826087 0.79 0.7454545 0.85 0.4084507 0.5762712 0.7868852 0.7727273 0.5970149 0.7636364 0.8032787 0.7777778 0.6 0.7575758 0.7083333 0.6811594 0.5588235 0.7575758 0.5142857 0.7317073 0.7857143 0.6428571 0.6938776 0.8108108 0.5294118 0.7321429 0.6578947 0.4782609 0.8888889 0.775 0.5384615 0.85 0.875 0.6521739 0.8666667 0.8421053 0.8888889 0.8823529 0.7241379 0.5172414 0.875 0.88 0.8 0.9130435 0.952381 0.6842105 0.7272727 0.6666667 0.8947368 0.8947368 0.7692308 0.504329
 0.5659898 0.5 0.6753247 0.5242165 0.7385057 0.5534247 0.7014085 0.3167155 0.4924012 0.6414566 0.6193353 0.7777778 0.6174497 0.6962457 0.4719101 0.780303 0.8439716 0.8032787 0.3453815 0.596 0.686747 0.6046512 0.8237885 0.7962963 0.6650718 0.7819149 0.6346154 0.8176796 0.8186528 0.8228571 0.7152778 0.7746479 0.7819549 0.7533333 0.7733333 0.5948276 0.4896552 0.778626 0.8362069 0.8558559 0.5940594 0.8333333 0.695122 0.7362637 0.673913 0.8 0.4886364 0.8 0.9032258 0.8295455 0.8190476 0.8441558 0.5733333 0.72 0.8703704 0.8909091 0.7758621 0.8243243 0.8688525 0.8813559 0.4285714 0.8510638 0.8148148 0.8787879 0.8333333 0.7941176 0.8297872 0.875 0.9347826 0.804878 0.7692308 0.8431373 0.725 0.8409091 0.8536585 0.5833333 0.8235294 0.9142857 0.5526316 0.8636364 0.8695652 0.8518519 1 1 0.85 1 0.875 0.6666667 0.8823529 0.9615385 0.6842105 0.9047619 0.9583333 0.7619048 0.9117647 0.8095238 0.8947368 0.8888889 0.9444444 0.6275
 0.4471154 0.3246753 0.5 0.4834606 0.6530055 0.3921569 0.6289474 0.2615804 0.3342776 0.4444444 0.4246154 0.6536145 0.4280702 0.5422078 0.4267101 0.6764706 0.6846154 0.6115702 0.2509363 0.4724409 0.5115385 0.4266055 0.6822034 0.7095238 0.5483871 0.52 0.5170732 0.7794872 0.7351351 0.7857143 0.6052632 0.7109375 0.6484848 0.6343284 0.6888889 0.5112782 0.3333333 0.6115108 0.7179487 0.8305085 0.424 0.8 0.6896552 0.7128713 0.7058824 0.7228916 0.4044944 0.6702128 0.7741935 0.6764706 0.7102804 0.7560976 0.4054054 0.637931 0.6909091 0.8333333 0.5588235 0.6290323 0.7428571 0.8363636 0.5333333 0.7169811 0.7307692 0.7258065 0.627907 0.75 0.6595745 0.7777778 0.8604651 0.6818182 0.5777778 0.6304348 0.4 0.8181818 0.8157895 0.4857143 0.8723404 0.8837209 0.4210526 0.6875 0.8095238 0.7692308 0.9166667 0.8125 0.625 0.8571429 1 0.5517241 0.875 0.7692308 0.5625 0.8461538 0.9411765 0.8333333 0.7241379 0.6 0.9545455 0.7222222 0.7333333 0.4188235
 0.4656085 0.4757835 0.5165394 0.5 0.5578406 0.4780362 0.5470085 0.3170029 0.3954155 0.5188679 0.4437086 0.627451 0.4966667 0.5838926 0.3735409 0.6619217 0.7095588 0.5654008 0.3556485 0.4333333 0.4780702 0.4712042 0.6347826 0.6359447 0.5874439 0.42 0.54 0.6397516 0.5882353 0.5738636 0.5590062 0.5327869 0.6626506 0.5862069 0.6641791 0.546875 0.4206349 0.6034483 0.6470588 0.75 0.4049587 0.6203704 0.5609756 0.5875 0.6 0.5869565 0.4574468 0.5666667 0.6458333 0.6 0.5849057 0.6842105 0.4193548 0.5357143 0.8 0.8333333 0.5909091 0.5789474 0.7540984 0.7678571 0.4516129 0.5789474 0.6129032 0.6545455 0.5277778 0.6285714 0.625 0.6785714 0.7619048 0.7692308 0.6346154 0.6153846 0.4516129 0.6595745 0.7368421 0.5277778 0.6896552 0.7317073 0.3846154 0.7333333 0.8666667 0.5172414 0.75 0.8461538 0.6296296 0.75 0.64 0.6538462 0.6190476 0.75 0.5263158 0.7368421 0.7619048 0.7333333 0.4666667 0.6470588 0.9411765 0.7058824 0.6842105 0.475827
 0.3349633 0.2614943 0.3469945 0.4421594 0.5 0.378866 0.5633423 0.2565598 0.2965116 0.3626062 0.3236246 0.5749235 0.3664384 0.5065789 0.3396825 0.6319703 0.6917563 0.5634328 0.2340426 0.3531746 0.4566929 0.3640167 0.6623932 0.6767241 0.4913043 0.3459716 0.4375 0.7539267 0.7103825 0.7021277 0.4875 0.5681818 0.5957447 0.5 0.5931034 0.4964539 0.2890625 0.6124031 0.6585366 0.7755102 0.3363636 0.7692308 0.5679012 0.6447368 0.6117647 0.6 0.3495146 0.6741573 0.7934783 0.5858586 0.6814159 0.7380952 0.36 0.5555556 0.8823529 0.7413793 0.4333333 0.6 0.8387097 0.8545455 0.3285714 0.5686275 0.6307692 0.6666667 0.5853659 0.5833333 0.6829268 0.825 0.9148936 0.6176471 0.4883721 0.673913 0.525 0.6666667 0.6666667 0.4444444 0.7419355 0.7659574 0.3333333 0.9 0.8947368 0.7142857 0.5 0.6666667 0.84 0.9375 0.72 0.3333333 0.7142857 0.84 0.6470588 0.8076923 0.95 0.7894737 0.5925926 0.4761905 0.9230769 0.7272727 0.7619048 0.2733645
 0.5244216 0.4465753 0.6078431 0.5219638 0.621134 0.5 0.6398892 0.3478261 0.4553846 0.5177515 0.5133333 0.694704 0.48 0.6096774 0.4460432 0.7491409 0.7749077 0.6948529 0.3015873 0.5362903 0.537594 0.5541126 0.706422 0.6809524 0.6428571 0.5223881 0.5561224 0.7150838 0.7607362 0.6722222 0.5487805 0.6453901 0.7385621 0.6470588 0.7253521 0.5955882 0.4603175 0.7076923 0.72 0.7876106 0.5072464 0.8514851 0.6448598 0.7142857 0.6818182 0.6451613 0.4827586 0.7272727 0.742268 0.76 0.6632653 0.7432432 0.4782609 0.734375 0.6938776 0.9074074 0.6530612 0.703125 0.8059701 0.7380952 0.4237288 0.6923077 0.7727273 0.6666667 0.5294118 0.7297297 0.6857143 0.8064516 0.8055556 0.7560976 0.85 0.7142857 0.6666667 0.8181818 0.625 0.6363636 0.7058824 0.8235294 0.5116279 0.75 0.7333333 0.7586207 0.7692308 0.7692308 0.7222222 0.8823529 0.8 0.5263158 0.7333333 0.6875 0.7142857 0.8695652 0.9047619 0.6666667 0.8275862 0.7142857 0.8823529 0.7222222 0.9047619 0.5529954
 0.3434343 0.2985915 0.3710526 0.4529915 0.4366577 0.3601108 0.5 0.2062663 0.2715232 0.3848397 0.3197492 0.5680272 0.379661 0.5108696 0.3171642 0.6121673 0.6206897 0.539749 0.2008929 0.406639 0.438247 0.4088889 0.604878 0.5829384 0.4343891 0.390625 0.38 0.6161616 0.6858974 0.6287425 0.471831 0.592233 0.5971223 0.4379562 0.5882353 0.5128205 0.3589744 0.615942 0.5982906 0.6857143 0.3833333 0.7058824 0.5 0.5698925 0.4878049 0.5287356 0.2948718 0.5978261 0.6705882 0.6321839 0.655914 0.6376812 0.2933333 0.5901639 0.66 0.755102 0.4821429 0.5510204 0.6470588 0.7755102 0.2745098 0.4333333 0.5490196 0.6785714 0.5172414 0.575 0.5454545 0.5151515 0.7714286 0.6052632 0.4888889 0.5 0.4705882 0.4705882 0.7058824 0.5 0.6551724 0.8 0.2820513 0.6842105 0.6923077 0.875 0.6428571 0.7333333 0.6315789 0.8181818 0.6315789 0.4705882 0.7407407 0.8636364 0.52 0.7368421 0.5789474 0.7777778 0.5769231 0.4761905 0.875 0.4782609 0.75 0.3055556
 0.6630728 0.6832845 0.7384196 0.6829971 0.7434402 0.6521739 0.7937337 0.5 0.6644295 0.6825397 0.7759197 0.8092105 0.7048611 0.8021583 0.6023622 0.8368201 0.8729508 0.8304348 0.4876033 0.7004219 0.7090909 0.7678571 0.895 0.8708134 0.7857143 0.7206704 0.7843137 0.8580247 0.8128655 0.85 0.7651515 0.7833333 0.8842975 0.8263889 0.8130081 0.7333333 0.6136364 0.8035714 0.8130841 0.8909091 0.703125 0.8796296 0.8181818 0.7888889 0.6823529 0.8426966 0.6875 0.7777778 0.8767123 0.8076923 0.88 0.921875 0.7213115 0.754386 0.9347826 0.8545455 0.7307692 0.7358491 0.9491525 0.8653846 0.6923077 0.7954545 0.8888889 0.84375 0.8333333 0.875 0.90625 0.7826087 0.9230769 0.9393939 0.7837838 0.6451613 0.8275862 0.9756098 0.825 0.7906977 0.8387097 0.9375 0.625 0.8695652 0.8333333 0.7777778 0.8 1 0.8823529 0.8181818 0.8181818 0.826087 0.9230769 0.8947368 0.95 0.9166667 1 0.9166667 0.7142857 0.8571429 0.9545455 0.8888889 0.8421053 0.6967419
 0.5153203 0.5075988 0.6657224 0.6045845 0.7034884 0.5446154 0.7284768 0.3355705 0.5 0.6353791 0.5377049 0.7322835 0.5494505 0.6804979 0.5714286 0.7922078 0.8146552 0.7400881 0.3603604 0.56 0.6157635 0.6515152 0.7836538 0.8358974 0.6321244 0.6461538 0.6432749 0.8012821 0.7941176 0.8387097 0.6785714 0.7727273 0.8188976 0.6976744 0.7681159 0.6412214 0.426087 0.7927928 0.7159091 0.8468468 0.4955752 0.8988764 0.7553191 0.7777778 0.7619048 0.7439024 0.4827586 0.7727273 0.8333333 0.7241379 0.8105263 0.9242424 0.5492958 0.6818182 0.755102 0.8043478 0.8297872 0.8571429 0.7586207 0.9375 0.4807692 0.7777778 0.8571429 0.8545455 0.6969697 0.8235294 0.8333333 0.875 0.9428571 0.65625 0.6969697 0.7380952 0.7307692 0.6842105 0.8064516 0.6296296 0.8823529 0.8684211 0.6176471 0.7894737 0.8666667 0.9473684 1 0.8888889 0.75 0.875 0.8888889 0.6875 0.8571429 0.8666667 0.7894737 0.8 0.9 0.8947368 0.6666667 0.7727273 1 0.8947368 0.7857143 0.6030303
 0.4412533 0.3585434 0.5555556 0.4811321 0.6373938 0.4822485 0.6151603 0.3174603 0.3646209 0.5 0.4408946 0.7451737 0.4777778 0.5797665 0.4089069 0.7415254 0.7670683 0.6680498 0.2920354 0.4652174 0.5265487 0.4646018 0.7282609 0.7771429 0.5616438 0.4923858 0.5939086 0.8166667 0.6774194 0.804878 0.5595238 0.6618705 0.7832168 0.6338028 0.7457627 0.5526316 0.4322034 0.647541 0.6115702 0.8529412 0.4107143 0.82 0.5925926 0.7108434 0.6395349 0.6341463 0.4117647 0.7105263 0.8409091 0.6853933 0.8045977 0.7580645 0.265625 0.6170213 0.8113208 0.8392857 0.625 0.787234 0.7192982 0.7818182 0.3777778 0.75 0.877551 0.6981132 0.5641026 0.8333333 0.7419355 0.8235294 0.7837838 0.7297297 0.5365854 0.7027027 0.6190476 0.8863636 0.8421053 0.6296296 0.8333333 0.84 0.3333333 0.8823529 0.7857143 0.8095238 0.7272727 0.9375 0.8666667 0.8888889 0.9166667 0.6842105 0.8695652 0.9166667 0.9130435 0.8571429 0.7727273 0.8846154 0.5 0.6 0.9545455 0.8666667 0.8421053 0.4188034
 0.5131965 0.3806647 0.5753846 0.5562914 0.6763754 0.4866667 0.6802508 0.2240803 0.4622951 0.5591054 0.5 0.7375887 0.5 0.7008197 0.4672489 0.7404255 0.8109244 0.7022222 0.2735426 0.5458937 0.6210046 0.5463415 0.815534 0.8290155 0.5911602 0.6167665 0.5795455 0.8064516 0.7659574 0.7869822 0.6544118 0.6838235 0.7804878 0.625 0.7647059 0.587156 0.3981481 0.6048387 0.8125 0.8541667 0.5619048 0.8617021 0.7066667 0.671875 0.6315789 0.7555556 0.4886364 0.7236842 0.9459459 0.7536232 0.76 0.8208955 0.53125 0.7037037 0.9 0.875 0.75 0.6 0.8723404 0.7592593 0.5961538 0.627907 0.8333333 0.755102 0.8 0.7777778 0.7916667 0.6 0.8928571 0.75 0.7941176 0.7368421 0.6875 0.8181818 0.8214286 0.5185185 0.9230769 0.9259259 0.4137931 0.952381 0.9090909 0.8333333 0.625 0.8333333 0.7619048 0.8571429 0.95 0.9 0.75 1 0.76 0.8823529 0.8571429 0.9545455 0.8095238 1 0.952381 0.8695652 1 0.560241
 0.3119266 0.2222222 0.3463855 0.372549 0.4250765 0.305296 0.4319728 0.1907895 0.2677165 0.2548263 0.2624113 0.5 0.2706767 0.3574661 0.28 0.5656109 0.6289593 0.4529148 0.173913 0.3036649 0.3444976 0.2765957 0.5487179 0.6565657 0.3829787 0.3942857 0.3294118 0.6730769 0.5314685 0.5408805 0.4013605 0.4285714 0.619403 0.4485981 0.5 0.4166667 0.2695652 0.5932203 0.5083333 0.5952381 0.2197802 0.6530612 0.4769231 0.4303797 0.52 0.4647887 0.25 0.5853659 0.6987952 0.5731707 0.5421687 0.7402597 0.2786885 0.5740741 0.6410256 0.625 0.3541667 0.4255319 0.7142857 0.7058824 0.2727273 0.5084746 0.5135135 0.6458333 0.5142857 0.6538462 0.48 0.6571429 0.7352941 0.4516129 0.3666667 0.5151515 0.5185185 0.4444444 0.6538462 0.3030303 0.6333333 0.6538462 0.25 0.4761905 0.6666667 0.5909091 0.5 0.09090909 0.5789474 0.8666667 0.4117647 0.5 0.75 0.6875 0.4444444 0.7058824 0.8461538 0.8 0.35 0.5 1 0.6470588 0.5 0.2594595
 0.4848485 0.3825503 0.5719298 0.5033333 0.6335616 0.52 0.620339 0.2951389 0.4505495 0.5222222 0.5 0.7293233 0.5 0.6075949 0.4663677 0.7368421 0.7598039 0.757732 0.3010204 0.5700483 0.6032609 0.5245902 0.7176471 0.7602041 0.6230366 0.505814 0.5662651 0.7615385 0.7426471 0.7972028 0.6532258 0.7024793 0.75 0.6132075 0.7394958 0.5789474 0.4086022 0.7234043 0.7303371 0.8023256 0.447619 0.8172043 0.6666667 0.6956522 0.6071429 0.6849315 0.4393939 0.6235294 0.8484848 0.6901408 0.7532468 0.7931034 0.4339623 0.7454545 0.8 0.7906977 0.6428571 0.8571429 0.8139535 0.7555556 0.4666667 0.826087 0.6829268 0.7906977 0.6097561 0.7391304 0.8235294 0.7894737 0.7692308 0.5833333 0.5483871 0.6944444 0.625 0.6829268 0.7777778 0.7241379 0.6666667 0.8965517 0.4666667 0.7857143 0.8333333 0.7307692 0.7777778 0.75 0.5 0.9166667 0.9 0.4 0.8461538 0.8461538 0.6190476 0.8636364 1 0.9285714 0.8181818 0.5 1 0.9333333 0.6153846 0.5299685
 0.3933934 0.3037543 0.4577922 0.4161074 0.4934211 0.3903226 0.4891304 0.1978417 0.3195021 0.4202335 0.2991803 0.6425339 0.3924051 0.5 0.2954545 0.6 0.7330317 0.5421053 0.2169312 0.3968254 0.4205128 0.4101124 0.6706587 0.7 0.4363636 0.3809524 0.4295775 0.7080292 0.6449275 0.6442953 0.4857143 0.5575221 0.626087 0.4444444 0.7297297 0.4824561 0.2612613 0.65 0.6125 0.6542056 0.3370787 0.7553191 0.6176471 0.6 0.5322581 0.5925926 0.3294118 0.5970149 0.7384615 0.6769231 0.6891892 0.704918 0.2711864 0.6428571 0.7708333 0.6666667 0.5098039 0.6792453 0.7096774 0.7288136 0.3333333 0.6428571 0.6190476 0.5961538 0.4878049 0.7272727 0.72 0.6521739 0.75 0.516129 0.5454545 0.6785714 0.4230769 0.5121951 0.6111111 0.4137931 0.8421053 0.7666667 0.4285714 0.7142857 0.7222222 0.5 0.8 0.6666667 0.8 0.7142857 0.5714286 0.4285714 0.9375 0.952381 0.6666667 0.7647059 0.8888889 0.625 0.6666667 0.7692308 1 0.7777778 0.8 0.375817
 0.5341615 0.5280899 0.5732899 0.6264591 0.6603175 0.5539568 0.6828358 0.3976378 0.4285714 0.5910931 0.5327511 0.72 0.5336323 0.7045455 0.5 0.7761905 0.8221154 0.7336683 0.3777778 0.6153846 0.5933014 0.626506 0.8373494 0.7870968 0.6606061 0.6375 0.6756757 0.85625 0.6692308 0.6721311 0.6451613 0.85 0.776699 0.6869565 0.7358491 0.6216216 0.4347826 0.6938776 0.7386364 0.8550725 0.54 0.8787879 0.6290323 0.7288136 0.7258065 0.7361111 0.5797101 0.8382353 0.8169014 0.6521739 0.8375 0.86 0.4918033 0.7142857 0.8333333 0.7380952 0.6909091 0.7619048 0.9166667 0.7173913 0.4883721 0.6415094 0.8510638 0.7391304 0.8 0.8571429 0.8 0.7857143 0.9117647 0.7666667 0.6744186 0.625 0.75 0.8461538 0.6 0.6551724 0.92 0.8421053 0.48 0.8181818 0.9166667 0.8095238 0.8181818 0.8181818 0.75 1 0.7272727 0.6666667 1 0.9166667 0.7368421 0.8666667 1 0.8666667 0.8947368 0.875 1 1 0.8235294 0.5754717
 0.2763636 0.219697 0.3235294 0.3380783 0.3680297 0.2508591 0.3878327 0.1631799 0.2077922 0.2584746 0.2595745 0.4343891 0.2631579 0.4 0.2238095 0.5 0.5795455 0.4603175 0.1481481 0.2676768 0.3018868 0.2468354 0.5283019 0.4900662 0.3970588 0.2923077 0.3165468 0.4793388 0.4621212 0.4573643 0.3220339 0.447619 0.5044248 0.4054054 0.5 0.29 0.2018349 0.4505495 0.4395604 0.5957447 0.244186 0.7213115 0.4848485 0.4117647 0.4545455 0.4264706 0.1935484 0.5074627 0.6615385 0.4615385 0.4933333 0.5362319 0.2553191 0.5135135 0.7096774 0.5681818 0.425 0.4871795 0.6578947 0.5853659 0.2142857 0.4358974 0.4210526 0.7045455 0.4333333 0.5384615 0.5862069 0.52 0.7352941 0.6388889 0.4375 0.5357143 0.4137931 0.56 0.5428571 0.3333333 0.4761905 0.5 0.08695652 0.5833333 0.5 0.5714286 0.6 0.4 0.5789474 0.7333333 0.5882353 0.3333333 0.6153846 0.6666667 0.4615385 0.6363636 0.7272727 0.5384615 0.6153846 0.4444444 0.75 0.7272727 0.5 0.2075472
 0.1986063 0.1560284 0.3153846 0.2904412 0.3082437 0.2250923 0.3793103 0.1270492 0.1853448 0.2329317 0.1890756 0.3710407 0.2401961 0.2669683 0.1778846 0.4204545 0.5 0.4041451 0.1321839 0.1470588 0.2527473 0.1728395 0.3417722 0.4135802 0.3164557 0.2214286 0.2877698 0.4180328 0.4583333 0.3628319 0.2158273 0.4040404 0.4148936 0.3877551 0.4130435 0.313253 0.2346939 0.5 0.4691358 0.4459459 0.1772152 0.4487179 0.3692308 0.3513514 0.5 0.3658537 0.1290323 0.4 0.4363636 0.3125 0.557377 0.4482759 0.2333333 0.1960784 0.5588235 0.5526316 0.2439024 0.3513514 0.6111111 0.3076923 0.125 0.3888889 0.375 0.5714286 0.3793103 0.5454545 0.24 0.5714286 0.48 0.3636364 0.3571429 0.2857143 0.3333333 0.4722222 0.4444444 0.2727273 0.5925926 0.6666667 0.04 0.5333333 0.7142857 0.3 0.7 0.4 0.5 0.3333333 0.4705882 0.2727273 0.6470588 0.375 0.3076923 0.5263158 0.9 0.6428571 0.1818182 0.25 0.9375 0.3846154 0.3888889 0.173913
 0.2967033 0.1967213 0.3884298 0.4345992 0.4365672 0.3051471 0.460251 0.1695652 0.2599119 0.3319502 0.2977778 0.5470852 0.242268 0.4578947 0.2663317 0.5396825 0.5958549 0.5 0.1528662 0.2934132 0.3872832 0.3308824 0.5903614 0.6068966 0.375 0.2781955 0.2937063 0.568 0.6638655 0.5772358 0.4173228 0.4431818 0.6082474 0.4271845 0.5480769 0.4 0.2111111 0.4845361 0.4698795 0.7042254 0.3188406 0.6515152 0.5079365 0.4716981 0.4909091 0.4736842 0.3333333 0.625 0.6753247 0.5087719 0.5797101 0.7045455 0.220339 0.4489796 0.6388889 0.6595745 0.3783784 0.5833333 0.6206897 0.5555556 0.1590909 0.4375 0.3333333 0.6818182 0.4137931 0.75 0.5 0.4583333 0.875 0.5185185 0.68 0.4857143 0.3076923 0.5384615 0.625 0.3214286 0.3 0.68 0.3333333 0.7777778 0.6153846 0.3333333 0.8333333 0.6923077 0.5 0.6363636 0.4545455 0.2666667 0.8 0.7692308 0.9333333 0.5333333 0.6666667 0.6923077 0.375 0.4545455 0.9285714 0.5714286 0.5 0.3654618
 0.7109375 0.6546185 0.7490637 0.6443515 0.7659574 0.6984127 0.7991071 0.5123967 0.6396396 0.7079646 0.7264574 0.826087 0.6989796 0.7830688 0.6222222 0.8518519 0.8678161 0.8471338 0.5 0.7083333 0.8 0.7160494 0.8679245 0.8540146 0.7410072 0.7605634 0.7862595 0.8703704 0.8584071 0.8167939 0.78 0.7684211 0.83 0.8265306 0.8809524 0.6947368 0.6341463 0.8148148 0.8333333 0.8450704 0.6233766 0.9375 0.8181818 0.8307692 0.7368421 0.8571429 0.6779661 0.7540984 0.884058 0.8701299 0.8450704 0.8863636 0.7037037 0.7708333 0.9487179 0.875 0.7058824 0.9183673 0.9047619 0.85 0.75 0.9090909 0.9130435 0.8780488 0.7692308 0.8095238 0.8333333 0.9259259 0.9310345 0.8518519 0.8 0.6896552 0.7857143 0.9090909 0.875 0.8846154 0.9 0.9090909 0.6923077 0.7857143 1 0.8 0.8 0.9230769 1 0.9 0.7058824 0.8 0.8823529 1 0.6666667 0.7777778 0.9090909 0.9166667 0.8461538 0.8 1 1 0.7692308 0.7183099
 0.5568627 0.404 0.5275591 0.5666667 0.6468254 0.4637097 0.593361 0.2995781 0.44 0.5347826 0.4541063 0.6963351 0.4299517 0.6031746 0.3846154 0.7323232 0.8529412 0.7065868 0.2916667 0.5 0.5741935 0.6259542 0.7905405 0.7910448 0.5815603 0.5071429 0.5 0.859375 0.7027027 0.7903226 0.6176471 0.6595745 0.7525773 0.76 0.7945205 0.5465116 0.4368932 0.7157895 0.7878788 0.7272727 0.3913043 0.8307692 0.6666667 0.7407407 0.59375 0.7213115 0.4477612 0.7272727 0.90625 0.7021277 0.7260274 0.7826087 0.4090909 0.6666667 0.8974359 0.7878788 0.6875 0.7804878 0.875 0.7674419 0.4166667 0.7142857 0.7241379 0.7906977 0.7142857 0.7037037 0.7826087 0.826087 0.8275862 0.7647059 0.7391304 0.5263158 0.7777778 0.8181818 0.8571429 0.3888889 0.7916667 0.8 0.4054054 0.7857143 0.9090909 0.9285714 1 0.7692308 1 0.8 0.8461538 0.8888889 0.8333333 0.9375 0.75 0.6666667 0.9230769 0.8235294 0.7777778 0.6666667 0.9285714 0.9166667 0.6666667 0.5
 0.3869732 0.313253 0.4884615 0.5219298 0.5433071 0.462406 0.561753 0.2909091 0.3842365 0.4734513 0.3789954 0.6555024 0.3967391 0.5794872 0.4066986 0.6981132 0.7472527 0.6127168 0.2 0.4258065 0.5 0.459854 0.7329193 0.6846154 0.5430464 0.4605263 0.4460432 0.752 0.6984127 0.7179487 0.5242718 0.7 0.7128713 0.6161616 0.7211538 0.4761905 0.3333333 0.6741573 0.7662338 0.64 0.4117647 0.8309859 0.5471698 0.6166667 0.6153846 0.7183099 0.4181818 0.7 0.7936508 0.7402597 0.6507937 0.787234 0.4102564 0.5714286 0.75 0.6756757 0.5833333 0.65625 0.8043478 0.7567568 0.2051282 0.6 0.7333333 0.7631579 0.5833333 0.826087 0.64 0.8571429 0.8484848 0.59375 0.5666667 0.64 0.3913043 0.8333333 0.72 0.5652174 0.7826087 0.7368421 0.2631579 0.6363636 0.8 0.5 0.6666667 0.8181818 0.8 1 0.75 0.5714286 0.9 1 0.9333333 0.9090909 1 0.5 0.7142857 0.9166667 0.8571429 0.6153846 1 0.4296578
 0.4846154 0.3953488 0.5733945 0.5287958 0.6359833 0.4458874 0.5911111 0.2321429 0.3484848 0.5353982 0.4536585 0.7234043 0.4754098 0.5898876 0.373494 0.7531646 0.8271605 0.6691176 0.2839506 0.3740458 0.540146 0.5 0.7226277 0.7761194 0.616 0.4350649 0.5636364 0.8198198 0.7372881 0.8017241 0.5714286 0.6547619 0.8571429 0.6551724 0.7472527 0.5526316 0.3421053 0.6075949 0.7073171 0.8732394 0.4390244 0.8965517 0.5333333 0.75 0.7 0.6730769 0.4 0.8253968 0.7291667 0.7916667 0.875 0.75 0.375 0.65625 0.8611111 0.8 0.7073171 0.875 0.8157895 0.8787879 0.44 0.7692308 0.75 0.7878788 0.5909091 0.8181818 0.76 0.8823529 0.8 0.7083333 0.5833333 0.6875 0.6 0.85 0.862069 0.6666667 0.8235294 0.8636364 0.4285714 0.7272727 1 0.7647059 1 0.8571429 0.6666667 1 0.9333333 0.8 1 1 0.8333333 0.9285714 0.7777778 0.8333333 0.6666667 0.75 0.9411765 1 0.7692308 0.4736842
 0.2643172 0.1762115 0.3177966 0.3652174 0.3376068 0.293578 0.395122 0.105 0.2163462 0.2717391 0.184466 0.4512821 0.2823529 0.3293413 0.1626506 0.4716981 0.6582278 0.4096386 0.1320755 0.2094595 0.2670807 0.2773723 0.5 0.4822695 0.3169014 0.3185841 0.2945736 0.5656566 0.5454545 0.5042017 0.2929293 0.3448276 0.4408602 0.3186813 0.5257732 0.2361111 0.2365591 0.4883721 0.4776119 0.6986301 0.2698413 0.5689655 0.4347826 0.48 0.3902439 0.4642857 0.2244898 0.6065574 0.6923077 0.4705882 0.4333333 0.5609756 0.2272727 0.4102564 0.6285714 0.7 0.4324324 0.5517241 0.7 0.744186 0.2333333 0.375 0.3611111 0.6363636 0.375 0.4210526 0.6315789 0.5909091 0.9047619 0.5625 0.5769231 0.4411765 0.1052632 0.6785714 0.4615385 0.3333333 0.6818182 0.6 0.4 0.6363636 0.7 0.5 0.2 0.6666667 0.5454545 0.2 0.5833333 0.3 0.7142857 0.8571429 0.5454545 0.75 0.7 0.6666667 0.2857143 0.4166667 1 0.5555556 0.6923077 0.2222222
 0.264 0.2037037 0.2904762 0.3640553 0.3232759 0.3190476 0.4170616 0.1291866 0.1641026 0.2228571 0.1709845 0.3434343 0.2397959 0.3 0.2129032 0.5099338 0.5864198 0.3931034 0.1459854 0.2089552 0.3153846 0.2238806 0.5177305 0.5 0.2978723 0.3692308 0.2347826 0.6 0.4851485 0.4220183 0.2767857 0.4390244 0.3766234 0.3414634 0.4078947 0.3380282 0.2253521 0.4823529 0.3731343 0.7014925 0.2162162 0.6034483 0.4642857 0.3809524 0.4230769 0.4 0.1515152 0.4705882 0.509434 0.35 0.375 0.6 0.2 0.4210526 0.4482759 0.75 0.25 0.375 0.8055556 0.5588235 0.2580645 0.3703704 0.4594595 0.65 0.2173913 0.5 0.5 0.6 0.7368421 0.5714286 0.6 0.5 0.3181818 0.5909091 0.5263158 0.1904762 0.6842105 0.6842105 0.1612903 0.5555556 0.75 0.4 0.8 0.6 0.5333333 0.7 0.4444444 0.2608696 0.8 0.5555556 0.3076923 0.6666667 0.9166667 0.7857143 0.5833333 0.4615385 0.8823529 0.6666667 0.4615385 0.1721311
 0.436214 0.3349282 0.4516129 0.4125561 0.5086957 0.3571429 0.5656109 0.2142857 0.3678756 0.4383562 0.4088398 0.6170213 0.3769634 0.5636364 0.3393939 0.6029412 0.6835443 0.625 0.2589928 0.4184397 0.4569536 0.384 0.6830986 0.7021277 0.5 0.4234234 0.3821138 0.6666667 0.696 0.6181818 0.5212766 0.6212121 0.6533333 0.5494505 0.6588235 0.4769231 0.2823529 0.6551724 0.7391304 0.7857143 0.4328358 0.7058824 0.6382979 0.5818182 0.5116279 0.5531915 0.442623 0.6949153 0.7555556 0.5576923 0.754717 0.6111111 0.3018868 0.5 0.7931034 0.7333333 0.4705882 0.6285714 0.8648649 0.7368421 0.3142857 0.8275862 0.6451613 0.7419355 0.4814815 0.75 0.7391304 0.6428571 0.8148148 0.5 0.483871 0.6470588 0.4166667 0.6363636 0.4736842 0.4285714 0.7142857 0.5833333 0.25 0.7777778 0.9166667 0.5 0.8 0.7272727 0.875 1 0.8888889 0.75 0.6666667 1 0.9090909 0.7 0.9375 0.7777778 0.6 0.3333333 0.7142857 0.6428571 0.3846154 0.4015444
 0.4564315 0.2180851 0.48 0.58 0.6540284 0.4776119 0.609375 0.2793296 0.3538462 0.5076142 0.3832335 0.6057143 0.494186 0.6190476 0.3625 0.7076923 0.7785714 0.7218045 0.2394366 0.4928571 0.5394737 0.5649351 0.6814159 0.6307692 0.5765766 0.5 0.490566 0.7222222 0.8207547 0.622449 0.6630435 0.6760563 0.725 0.6049383 0.6987952 0.6060606 0.3818182 0.6986301 0.6617647 0.8723404 0.328125 0.8444444 0.6964286 0.7333333 0.7142857 0.6538462 0.3953488 0.8378378 0.8727273 0.7377049 0.7833333 0.6388889 0.3684211 0.7741935 0.7857143 0.8064516 0.5483871 0.7727273 0.8857143 0.92 0.3255814 0.6129032 0.725 0.6585366 0.5238095 0.7857143 0.6818182 1 0.9090909 0.8333333 0.64 0.5333333 0.4736842 0.7307692 0.6086957 0.6315789 0.7058824 0.8235294 0.3928571 0.9 0.8 0.7 1 0.8888889 1 1 0.4 0.6 0.8 0.8 0.7692308 0.9090909 0.875 0.7857143 0.7222222 0.6666667 1 0.9090909 0.6923077 0.4666667
 0.4840183 0.3653846 0.4829268 0.46 0.5625 0.4438776 0.62 0.2156863 0.3567251 0.4060914 0.4204545 0.6705882 0.4337349 0.5704225 0.3243243 0.6834532 0.7122302 0.7062937 0.2137405 0.5 0.5539568 0.4363636 0.7054264 0.7652174 0.6178862 0.509434 0.5 0.7373737 0.754902 0.7047619 0.5934066 0.6164384 0.7303371 0.5882353 0.6081081 0.5609756 0.4054054 0.75 0.7205882 0.7368421 0.4929577 0.7924528 0.5818182 0.6829268 0.5526316 0.5849057 0.4444444 0.7111111 0.8085106 0.6363636 0.7037037 0.6382979 0.4358974 0.5526316 0.8695652 0.7307692 0.5416667 0.5454545 0.7333333 0.7058824 0.3448276 0.7142857 0.6296296 0.8387097 0.6956522 0.7916667 0.6666667 0.6956522 0.7142857 0.6956522 0.5789474 0.7575758 0.6 0.8846154 0.8636364 0.5909091 0.6666667 0.9090909 0.3333333 0.875 0.5 0.7 0.625 0.75 0.8333333 1 0.4 0.7777778 0.8333333 0.6666667 0.6 1 0.8823529 1 0.3333333 0.8571429 1 0.875 0.5714286 0.4529148
 0.1960784 0.1823204 0.2205128 0.3602484 0.2460733 0.2849162 0.3838384 0.1419753 0.1987179 0.1833333 0.1935484 0.3269231 0.2384615 0.2919708 0.14375 0.5206612 0.5819672 0.432 0.1296296 0.140625 0.248 0.1801802 0.4343434 0.4 0.3333333 0.2777778 0.2626263 0.5 0.4615385 0.4 0.3544304 0.3809524 0.4637681 0.3333333 0.5 0.3559322 0.1549296 0.5 0.4 0.5660377 0.265625 0.5294118 0.4375 0.3846154 0.4318182 0.38 0.173913 0.4680851 0.6111111 0.3409091 0.4615385 0.5 0.2307692 0.2962963 0.4666667 0.6428571 0.3846154 0.4444444 0.6129032 0.5 0.2608696 0.4 0.3448276 0.4615385 0.4736842 0.625 0.4761905 0.5714286 0.7 0.6315789 0.4761905 0.5714286 0.2631579 0.5294118 0.7692308 0.2142857 0.5555556 0.6153846 0.05263158 0.5 0.5 0.4666667 0.8 0.25 0.4285714 0.8333333 0.125 0.4285714 0.6470588 0.6363636 0.375 0.3333333 0.8181818 0.6666667 0.4444444 0.4545455 1 0.4444444 0.8 0.21875
 0.2535211 0.1813472 0.2648649 0.4117647 0.2896175 0.2392638 0.3141026 0.1871345 0.2058824 0.3225806 0.2340426 0.4685315 0.2573529 0.3550725 0.3307692 0.5378788 0.5416667 0.3361345 0.1415929 0.2972973 0.3015873 0.2627119 0.4545455 0.5148515 0.304 0.1792453 0.245098 0.5384615 0.5 0.4666667 0.3088235 0.4571429 0.4473684 0.4883721 0.5 0.3965517 0.2025316 0.5517241 0.4482759 0.7222222 0.3934426 0.6129032 0.3695652 0.4285714 0.2727273 0.4230769 0.2 0.4390244 0.627907 0.4186047 0.546875 0.6060606 0.2 0.3448276 0.4090909 0.7272727 0.4074074 0.3846154 0.6 0.5625 0.137931 0.4 0.5555556 0.7307692 0.4285714 0.25 0.2777778 0.4666667 0.6521739 0.4285714 0.2083333 0.4285714 0.3333333 0.6428571 0.7058824 0.3846154 0.55 0.7333333 0.2666667 0.5 0.8333333 0.4 0.6666667 0.6 0.8 0.4 0.5454545 0.3 0.5384615 0.6363636 0.1666667 0.5714286 0.4166667 0.5833333 0.3333333 0.3333333 0.8181818 0.6363636 0.6666667 0.1483254
 0.2654028 0.1771429 0.2142857 0.4261364 0.2978723 0.3277778 0.3712575 0.15 0.1612903 0.195122 0.2130178 0.4591195 0.2027972 0.3557047 0.3278689 0.5426357 0.6371681 0.4227642 0.1832061 0.2096774 0.2820513 0.1982759 0.4957983 0.5779817 0.3818182 0.377551 0.2952381 0.6 0.5333333 0.5 0.3055556 0.483871 0.5322581 0.3670886 0.6065574 0.3285714 0.2307692 0.4857143 0.509434 0.5689655 0.2321429 0.5740741 0.3636364 0.3829787 0.34375 0.3095238 0.2653061 0.5675676 0.6818182 0.4883721 0.4791667 0.6829268 0.3421053 0.3793103 0.5185185 0.6521739 0.4642857 0.483871 0.6486486 0.4 0.1 0.56 0.4090909 0.4761905 0.2941176 0.5714286 0.6666667 0.4615385 0.5789474 0.55 0.4285714 0.5238095 0.4666667 0.5 0.5714286 0.5 0.5 0.6666667 0.2777778 0.5384615 0.3333333 0.625 0.3333333 0.625 0.4444444 0.8571429 0.5454545 0.25 0.8333333 0.6666667 0.6363636 0.5 0.875 0.6666667 0.2727273 0.25 1 0.7777778 0.6153846 0.2119816
 0.452381 0.2847222 0.3947368 0.4409938 0.5125 0.4512195 0.528169 0.2348485 0.3214286 0.4404762 0.3455882 0.5986395 0.3467742 0.5142857 0.3548387 0.6779661 0.7841727 0.5826772 0.22 0.3823529 0.4757282 0.4285714 0.7070707 0.7232143 0.4787234 0.3369565 0.4065934 0.6455696 0.6911765 0.6944444 0.5 0.6666667 0.7058824 0.5774648 0.65625 0.5471698 0.2758621 0.6153846 0.74 0.8627451 0.42 0.7727273 0.7317073 0.6129032 0.7105263 0.5185185 0.3846154 0.673913 0.6470588 0.5666667 0.5714286 0.8 0.4411765 0.6086957 0.7931034 0.8695652 0.5294118 0.6538462 0.8181818 0.75 0.3548387 0.8 0.5925926 0.84 0.8095238 0.8 0.5 0.6111111 0.7 0.5 0.8095238 0.68 0.5714286 0.6666667 0.8333333 0.4666667 0.7333333 0.9 0.3333333 1 0.8 0.6363636 0.8333333 0.625 1 0.6666667 0.7142857 0.4285714 0.8 0.8333333 0.6363636 0.9090909 0.8571429 0.8571429 0.6923077 0.2 0.75 0.75 0.6666667 0.3950617
 0.3040541 0.2253521 0.2890625 0.4672131 0.4318182 0.3546099 0.407767 0.2166667 0.2272727 0.3381295 0.3161765 0.5714286 0.2975207 0.4424779 0.15 0.552381 0.5959596 0.5568182 0.2315789 0.3404255 0.3 0.3452381 0.6551724 0.5609756 0.3787879 0.3239437 0.3835616 0.6190476 0.5428571 0.516129 0.3333333 0.5 0.6170213 0.4615385 0.5961538 0.425 0.3773585 0.4090909 0.5128205 0.7560976 0.2894737 0.7419355 0.3666667 0.5625 0.5357143 0.3571429 0.3030303 0.5 0.5882353 0.4193548 0.7096774 0.6842105 0.1666667 0.3684211 0.5 0.7083333 0.1818182 0.8 0.7727273 0.7 0.24 0.4 0.6470588 0.6086957 0.3888889 0.3333333 0.6666667 0.625 0.9166667 0.2727273 0.6666667 0.6666667 0.4545455 0.625 0.6153846 0.3636364 0.6875 0.5 0.3571429 0.8 0.8333333 0.9166667 0.5 0.5 0.75 1 0.5 0.4444444 0.875 1 0.5555556 1 0.6 0.75 0.2222222 0.5 1 0.6363636 1 0.2830189
 0.2580645 0.2180451 0.3515152 0.3373494 0.4042553 0.2614379 0.4028777 0.1157025 0.1811024 0.2167832 0.2195122 0.380597 0.25 0.373913 0.223301 0.4955752 0.5851064 0.3917526 0.17 0.2474227 0.2871287 0.1428571 0.5591398 0.6233766 0.3466667 0.275 0.2696629 0.5362319 0.5526316 0.4677419 0.2941176 0.3829787 0.5 0.25 0.483871 0.2333333 0.3478261 0.462963 0.3095238 0.675 0.1590909 0.6111111 0.4 0.5416667 0.3793103 0.3488372 0.1621622 0.4666667 0.4242424 0.3333333 0.3555556 0.7142857 0.2222222 0.3636364 0.625 0.64 0.3333333 0.4545455 0.7083333 0.4814815 0.24 0.2727273 0.5 0.6206897 0.173913 0.2777778 0.5454545 0.75 0.7222222 0.6363636 0.3157895 0.5833333 0.4285714 0.4545455 0.6111111 0.2 0.5 0.8888889 0.1875 0.75 0.6666667 0.2307692 0.5 0.375 0.25 0.8 0.3846154 0.625 0.8333333 0.5 0.6 0.5 0.7142857 0.25 0.3076923 0.4 1 0.75 0.5714286 0.1960784
 0.377907 0.2466667 0.3656716 0.4137931 0.5 0.3529412 0.5620438 0.1736111 0.3023256 0.3661972 0.375 0.5514019 0.3867925 0.5555556 0.3130435 0.5945946 0.6122449 0.5728155 0.1734694 0.24 0.3838384 0.3448276 0.6813187 0.6585366 0.4505495 0.3950617 0.4117647 0.6666667 0.5116279 0.6329114 0.4225352 0.5384615 0.75 0.5 0.6481481 0.5 0.4266667 0.6730769 0.6410256 0.7 0.4255319 0.8367347 0.5625 0.4482759 0.3333333 0.6470588 0.4705882 0.5555556 0.7631579 0.6071429 0.6829268 0.7222222 0.4193548 0.7 0.65 0.9130435 0.4117647 0.6363636 0.8333333 0.64 0.2 0.5294118 0.75 0.7619048 0.5333333 0.7894737 0.6666667 0.7692308 0.8666667 0.2857143 0.7647059 0.6428571 0.3846154 0.6842105 0.6153846 0.5263158 0.5555556 0.75 0.4736842 0.8571429 1 0.4615385 0.8181818 0.5 1 0.8 0.75 0.6666667 0.75 1 0.8333333 0.9 0.75 1 0.5555556 0.4444444 1 0.4285714 0.5714286 0.3975904
 0.2830189 0.2266667 0.3111111 0.3358209 0.4068966 0.2746479 0.4117647 0.1869919 0.2318841 0.2542373 0.2352941 0.5 0.2605042 0.2702703 0.2641509 0.5 0.5869565 0.4519231 0.1190476 0.2054795 0.2788462 0.2527473 0.4742268 0.5921053 0.3411765 0.3012048 0.3918919 0.5 0.5 0.3934426 0.34375 0.4038462 0.516129 0.3518519 0.5 0.3953488 0.2051282 0.6428571 0.4081633 0.6216216 0.1282051 0.5777778 0.4722222 0.3846154 0.4705882 0.3488372 0.1764706 0.425 0.6206897 0.3513514 0.4722222 0.4411765 0.3333333 0.3888889 0.5333333 0.5238095 0.2962963 0.48 0.8235294 0.5333333 0.1818182 0.52 0.4166667 0.2916667 0.3125 0.4666667 0.5294118 0.5714286 0.625 0.2222222 0.5625 0.4545455 0.3076923 0.4117647 0.7333333 0.5 0.6923077 0.6470588 0.3333333 0.7142857 0.4 0.2 0.6 0.5 0.6666667 1 0.375 0.6 0.5 1 0.6 0.8 0.75 1 0.4166667 0.2 0.6666667 0.8888889 0.5 0.2484848
 0.4195804 0.4051724 0.4887218 0.453125 0.5035461 0.4044118 0.4871795 0.2666667 0.3587786 0.4473684 0.412844 0.5833333 0.4210526 0.5175439 0.3783784 0.71 0.686747 0.6 0.3052632 0.4534884 0.5238095 0.4473684 0.7638889 0.6619718 0.5230769 0.3939394 0.4390244 0.6440678 0.6034483 0.6714286 0.4528302 0.575 0.7666667 0.5 0.6046512 0.5 0.3695652 0.5531915 0.6666667 0.6176471 0.375 0.75 0.52 0.625 0.4117647 0.6206897 0.3076923 0.6060606 0.6470588 0.75 0.6578947 0.6842105 0.2692308 0.5517241 0.7894737 0.65 0.6315789 0.6 0.8421053 0.7222222 0.3888889 0.7307692 0.6666667 0.6666667 0.4736842 0.7647059 1 0.6666667 0.9285714 0.4 0.5555556 0.6 0.8571429 0.7142857 0.8333333 0.5294118 0.8181818 0.95 0.3636364 0.6666667 0.5714286 0.75 0.4285714 0.5 0.8 1 0.8333333 0.8333333 1 0.75 0.5 0.6666667 1 0.6 0.5454545 0.5 0.8 0.8571429 0.8 0.3688525
 0.6045198 0.5103448 0.6666667 0.5793651 0.7109375 0.5396825 0.6410256 0.3863636 0.573913 0.5677966 0.6018519 0.7304348 0.5913978 0.7387387 0.5652174 0.7981651 0.7653061 0.7888889 0.3658537 0.5631068 0.6666667 0.6578947 0.7634409 0.7746479 0.7176471 0.6181818 0.5945946 0.8450704 0.7974684 0.7692308 0.7241379 0.6226415 0.6521739 0.5733333 0.7948718 0.6304348 0.5 0.754386 0.7380952 0.8510638 0.5892857 0.9591837 0.7096774 0.8571429 0.7894737 0.6190476 0.4864865 0.78125 0.8823529 0.8787879 0.7837838 0.875 0.7931034 0.8333333 0.8333333 0.8571429 0.75 0.9230769 0.8 0.8148148 0.56 0.9 0.7619048 0.8 0.6111111 0.7222222 0.8 0.7857143 1 1 0.5714286 0.8125 0 0.9375 0.75 0.6 0.9230769 0.9333333 0.3076923 1 1 1 1 1 1 1 0.5 0.8125 0.875 1 0.6666667 0.8 0.8571429 0.8 0.8 0.625 1 0.8888889 0.8 0.5792683
 0.3533333 0.221374 0.3884892 0.3965517 0.3875969 0.2923077 0.384058 0.1964286 0.2072072 0.352459 0.3951613 0.4067797 0.2765957 0.35 0.3061224 0.5494505 0.5 0.5154639 0.1851852 0.2842105 0.3258427 0.3924051 0.5116279 0.5176471 0.3448276 0.3013699 0.25 0.5 0.4482759 0.5142857 0.3846154 0.5909091 0.537037 0.3269231 0.3571429 0.4468085 0.245614 0.5 0.3636364 0.5675676 0.3191489 0.6451613 0.44 0.4193548 0.4242424 0.4375 0.2195122 0.5833333 0.4848485 0.5357143 0.6363636 0.6129032 0.2173913 0.3478261 0.5 0.5416667 0.3636364 0.9444444 0.6086957 0.8095238 0.2592593 0.7272727 0.5714286 0.5 0.4166667 0.2666667 0.6 0.6666667 0.75 0.5454545 0.6 0.6923077 0.3846154 0.5 0.6363636 0.07142857 0.75 0.625 0.25 1 0.8 0.25 0.1666667 0.8 0.3333333 0.3333333 0.6666667 0.25 0.5 0.5 0.3571429 0.4285714 0.3333333 0.75 0.75 0.5 0.6666667 0.7142857 0.7 0.3164557
 0.2076923 0.1637931 0.2820513 0.3529412 0.3414634 0.28 0.4017094 0.1869159 0.2840909 0.3884298 0.1875 0.4916667 0.2696629 0.3875 0.2613636 0.5604396 0.5308642 0.5301205 0.1666667 0.2121212 0.2337662 0.2926829 0.5223881 0.6268657 0.2608696 0.3382353 0.2794118 0.6 0.5517241 0.490566 0.26 0.4871795 0.6904762 0.3589744 0.5918367 0.3333333 0.2619048 0.6363636 0.5 0.6956522 0.25 0.6129032 0.6086957 0.68 0.2916667 0.5405405 0.2121212 0.48 0.7307692 0.483871 0.6666667 0.875 0.2758621 0.5925926 0.5625 0.9333333 0.4545455 0.6315789 0.7272727 0.75 0.2272727 0.5384615 0.6 0.75 0.3125 0.8 0.6666667 0.625 0.6666667 0.5 0.4285714 0.5 0.3 0.6666667 0.6428571 0.2222222 0.625 0.6666667 0.2 0.75 1 0.5 0.3333333 0.5 0.6 0.8333333 0.5555556 0.25 1 0.8 0.25 0.8 0.5714286 0.5555556 0.6 0.4 0.6666667 0.6666667 0.5 0.2155172
 0.1574803 0.1441441 0.1694915 0.25 0.2244898 0.2123894 0.3142857 0.1090909 0.1531532 0.1470588 0.1458333 0.4047619 0.1976744 0.3457944 0.1449275 0.4042553 0.5540541 0.2957746 0.1549296 0.2727273 0.36 0.1267606 0.3013699 0.2985075 0.2142857 0.1276596 0.2631579 0.4339623 0.2777778 0.4310345 0.1372549 0.2439024 0.325 0.3 0.3783784 0.3823529 0.1489362 0.4324324 0.3043478 0.5 0.2058824 0.3214286 0.125 0.375 0.4705882 0.3513514 0.3793103 0.44 0.3666667 0.4571429 0.4411765 0.68 0.173913 0.2941176 0.5789474 0.4285714 0.4 0.4615385 0.375 0.5 0.0625 0.4615385 0.3913043 0.375 0.3 0.3684211 0.4 0.4375 0.625 0.3 0.2727273 0.3076923 0.3333333 0.3571429 0.3333333 0.25 0.3 0.6363636 0.07142857 0.1666667 0.6666667 0.1111111 0.4285714 0.5 1 0.3333333 0.6666667 0 0.4285714 0.5 0.5555556 0.5 1 1 0.5555556 0.3333333 1 0.75 0.3333333 0.1083333
 0.4275862 0.4059406 0.576 0.5950413 0.6636364 0.4927536 0.6166667 0.296875 0.5044248 0.5892857 0.4380952 0.7802198 0.552381 0.6629213 0.46 0.755814 0.8227848 0.6811594 0.3766234 0.6086957 0.5882353 0.5609756 0.7301587 0.7837838 0.5671642 0.671875 0.5070423 0.734375 0.6065574 0.7678571 0.58 0.7105263 0.8409091 0.5744681 0.8717949 0.625 0.4107143 0.6808511 0.75 0.7941176 0.5 0.8064516 0.5151515 0.6764706 0.4444444 0.7 0.5483871 0.6774194 0.85 0.5806452 0.7741935 0.6 0.3809524 0.5 0.7647059 0.7826087 0.5909091 0.5 0.7407407 0.8333333 0.5 0.5909091 0.9545455 0.7777778 0.3333333 0.75 0.8181818 0.9285714 0.9545455 0.7 0.4615385 0.75 0.6 0.9 0.8571429 0.6666667 0.8333333 0.8421053 0.5 1 1 0.75 1 1 0.5 0.75 0.6666667 0.5555556 1 1 0.6666667 1 0.8 1 0.6666667 1 1 1 0.6666667 0.5310345
 0.1880342 0.1666667 0.2 0.3796296 0.2307692 0.1485149 0.2941176 0.1203704 0.1011236 0.18 0.1382979 0.3469388 0.1827957 0.2446809 0.1212121 0.2786885 0.5512821 0.3484848 0.0625 0.1692308 0.1690141 0.1034483 0.4310345 0.3965517 0.2941176 0.1555556 0.2075472 0.4705882 0.3870968 0.4259259 0.2272727 0.2580645 0.3888889 0.1632653 0.4222222 0.25 0.04081633 0.3548387 0.3870968 0.6785714 0.1935484 0.5 0.45 0.3684211 0.5172414 0.3076923 0.1333333 0.44 0.5333333 0.4444444 0.3076923 0.3043478 0.2222222 0.1875 0.3684211 0.5882353 0 0.6 0.3333333 0.6666667 0.2142857 0.3333333 0.25 0.1333333 0.25 0.3571429 0.5 0.5384615 0.4444444 0.25 0.3571429 0.3076923 0.2857143 0.1875 0.5 0.125 0.3636364 0.5 0.09090909 0.5 0.7142857 0.2 0.5 0.5 0.6666667 0.5 0.5 0.5 0.5555556 0.6 0.5 0.7142857 0.5714286 0.625 0.6153846 0.5 0.75 0.4 0.5 0.1891892
 0.2916667 0.304878 0.3103448 0.4390244 0.4320988 0.3551402 0.5 0.1818182 0.2446809 0.4074074 0.2933333 0.5230769 0.3333333 0.3823529 0.3709677 0.5151515 0.6307692 0.4920635 0.1818182 0.3333333 0.4528302 0.4666667 0.5652174 0.5357143 0.3617021 0.3035714 0.4181818 0.5625 0.6304348 0.6363636 0.2682927 0.6333333 0.6 0.4375 0.5277778 0.48 0.2903226 0.56 0.3913043 0.875 0.4848485 0.55 0.5 0.6363636 0.4347826 0.4615385 0.15 0.6521739 0.75 0.6153846 0.6 0.6470588 0.2857143 0.75 0.5 0.875 0.5454545 0.6 0.8333333 1 0.3684211 0.2 0.6 0.3846154 0.8571429 0.6363636 0.6666667 0.1666667 0.7142857 0.6666667 0.2222222 0.7142857 0.5384615 0.5833333 0.5 0.5555556 0.4285714 1 0.375 0.8 0.8333333 0.7142857 0.6666667 0.8333333 0.8571429 1 0.5 0.5 1 0.5 1 0.8 0.6666667 0.5 0.625 0.25 1 0.5 0.6666667 0.393617
 0.2755102 0.2637363 0.2871287 0.4125 0.3552632 0.2857143 0.4301075 0.2111111 0.2222222 0.2891566 0.328125 0.5696203 0.3043478 0.4 0.2711864 0.5882353 0.6486486 0.5283019 0.1692308 0.2592593 0.3833333 0.25 0.52 0.6190476 0.4181818 0.2666667 0.3170732 0.6153846 0.5714286 0.6170213 0.3870968 0.4375 0.4583333 0.5517241 0.6153846 0.375 0.1428571 0.5806452 0.32 0.625 0.3235294 0.6315789 0.3636364 0.5 0.4 0.2631579 0.1666667 0.65 0.7083333 0.6 0.5909091 0.5294118 0.3 0.5 0.3888889 0.8125 0.1666667 0.2666667 1 0.7333333 0.1666667 0.5384615 0.6923077 1 0.3636364 0.9 0.2222222 0.6363636 0.8333333 0.3846154 0.6923077 0.5 0.2857143 0.3846154 0.6363636 0.6 0.75 0.5 0.2857143 0.6666667 0.8 0.5 0.5 0.8333333 0.3333333 1 1 0.4 0.6 0.6666667 1 0.6 0.625 0.5 0.8333333 0.625 0.8 0.6666667 0.3333333 0.3444444
 0.3595506 0.326087 0.2941176 0.4 0.3882353 0.3181818 0.5121951 0.3176471 0.2380952 0.3604651 0.3684211 0.48 0.3928571 0.4677419 0.2741935 0.5454545 0.5 0.5090909 0.2631579 0.40625 0.3846154 0.3 0.6097561 0.5769231 0.4883721 0.2857143 0.4473684 0.5681818 0.7272727 0.65625 0.2894737 0.4642857 0.6206897 0.6666667 0.5294118 0.5882353 0.2105263 0.5757576 0.7083333 0.5294118 0.5555556 0.4827586 0.5652174 0.6 0.5 0.5517241 0.25 0.75 0.6 0.3333333 0.44 0.7222222 0.3333333 0.375 0.6666667 0.8571429 0.3 0.4444444 0.5333333 0.8 0.2 0.5714286 0.75 0.7619048 0.4285714 0.1666667 0.4545455 0.5454545 0.8 0.5714286 0.5714286 0.5 0.1666667 0.6 0.7692308 0.375 0.875 0.7777778 0.4 0.6666667 1 0.4 0.6666667 0.6666667 0.5 1 0.5 0 1 0.6666667 0.6666667 0.5714286 0.8 0.6666667 0.5 0.5 0.8571429 0.8571429 1 0.3
 0.2959184 0.2 0.2771084 0.4130435 0.4 0.3548387 0.4712644 0.1573034 0.2560976 0.3658537 0.2444444 0.5352113 0.3150685 0.4074074 0.2638889 0.5735294 0.6341463 0.5263158 0.1428571 0.2786885 0.2816901 0.3269231 0.5357143 0.6 0.4468085 0.3461538 0.4150943 0.62 0.5769231 0.6904762 0.4814815 0.6428571 0.6511628 0.3529412 0.6511628 0.3793103 0.3809524 0.5625 0.4594595 0.6486486 0.3 0.6923077 0.5384615 0.7368421 0.4482759 0.5 0.4761905 0.5789474 0.7727273 0.625 0.6 0.5789474 0.3333333 0.3846154 0.7692308 0.5 0.5 0.7333333 0.6666667 0.6923077 0.25 0.4444444 0.9090909 0.6666667 0.375 0.8888889 0.75 0.8 0.8888889 0.6470588 0.8571429 0.625 0.5 0.5833333 0.5714286 0.1666667 0.75 0.5833333 0.4444444 0.8 0.75 0 1 0.75 0.6 1 1 0.6 0.875 1 0.75 1 0.5 0 1 0.3333333 0.75 0.8333333 1 0.3111111
 0.5227273 0.5113636 0.5955056 0.5425532 0.6504854 0.5172414 0.7051282 0.3125 0.5172414 0.5882353 0.5113636 0.75 0.5606061 0.6705882 0.4202899 0.8064516 0.8709677 0.6666667 0.3220339 0.5522388 0.5818182 0.6 0.7755102 0.8484848 0.557377 0.6046512 0.5555556 0.826087 0.8 0.7346939 0.6153846 0.6969697 0.8378378 0.5294118 0.8235294 0.6923077 0.5135135 0.7804878 0.7878788 0.6206897 0.4516129 0.8666667 0.85 0.8333333 0.75 0.5238095 0.5 0.8148148 0.9545455 0.8461538 0.8571429 0.8947368 0.5454545 0.8181818 0.8235294 0.8571429 0.6666667 0.6666667 0.9 0.8571429 0.5 0.7692308 0.8461538 0.6842105 0.6666667 0.8 0.8333333 0.75 1 0.8 0.7 0.7857143 0.5714286 0.625 0.7777778 0.4 0.8333333 0.8333333 0.5555556 1 0.8333333 0.8571429 0.6666667 1 0.8 1 0.875 0.6 1 0.6666667 1 1 1 0.5 0.6 0.8 1 0.6666667 1 0.5344828
 0.2735849 0.2 0.3297872 0.4333333 0.3258427 0.2727273 0.4021739 0.2222222 0.2272727 0.2894737 0.2763158 0.4146341 0.3764706 0.4029851 0.1617647 0.4925373 0.6 0.375 0.2459016 0.2727273 0.3 0.1746032 0.3934426 0.5294118 0.3050847 0.1621622 0.2888889 0.5319149 0.5609756 0.4324324 0.326087 0.5 0.5333333 0.4444444 0.575 0.3939394 0.21875 0.4166667 0.52 0.56 0.3225806 0.56 0.3478261 0.35 0.25 0.4210526 0.1851852 0.5 0.4782609 0.6296296 0.4285714 0.5714286 0.4166667 0.6 0.1818182 0.75 0.75 0.6 0.6 0.5555556 0.1818182 0.3333333 0.6470588 0.6 0.5454545 0.3333333 0.75 0.4444444 0.7142857 0.8 0.2727273 0.3076923 0.25 0.9 0.2857143 0.25 0.5 0.7777778 0.125 0.3333333 0.6666667 0.2 0.6666667 0.5 0.2857143 0.6666667 0.5 0.5 0.6666667 0.6 0.6666667 0.6666667 0.6 0.5 0.7142857 0.25 0.8 1 0.7142857 0.2970297
 0.173913 0.09677419 0.2258065 0.3541667 0.2065217 0.257732 0.3294118 0.1232877 0.1666667 0.1590909 0.05405405 0.3012048 0.1515152 0.2615385 0.1830986 0.3384615 0.5636364 0.3246753 0.115942 0.09375 0.2063492 0.2708333 0.3076923 0.490566 0.2444444 0.1272727 0.1914894 0.3888889 0.372093 0.3181818 0.3529412 0.4117647 0.5757576 0.2368421 0.3793103 0.3529412 0.1176471 0.5151515 0.2692308 0.6333333 0.15 0.4666667 0.25 0.2916667 0.4 0.2272727 0.04545455 0.5217391 0.5 0.4 0.52 0.6666667 0.2631579 0.1666667 0.4 0.6111111 0.3333333 0.5333333 0.3809524 0.7 0 0.2666667 0.1176471 0.5294118 0.4 0.3333333 0.2727273 0.125 0.5555556 0 0.4615385 0.375 0.2857143 0.4285714 0.3 0.1818182 0.3333333 0.3846154 0.1818182 0 0.6 0.2 0.5 0.6666667 0.4285714 0.6666667 0.6666667 0 0.8333333 0.6 0 0.8333333 0.5 0.75 0.1666667 0.6 1 0.5 0.1428571 0.1473684
 0.21 0.1704545 0.3235294 0.4 0.4141414 0.24 0.3678161 0.1923077 0.2758621 0.3146067 0.2463768 0.4268293 0.3098592 0.3230769 0.3478261 0.5384615 0.6875 0.4912281 0.1298701 0.2978723 0.2597403 0.2083333 0.5294118 0.65 0.4423077 0.2622951 0.3636364 0.6590909 0.5813953 0.5116279 0.4333333 0.5806452 0.6666667 0.3928571 0.6486486 0.25 0.1212121 0.4642857 0.516129 0.5428571 0.4193548 0.5555556 0.3846154 0.4 0.6666667 0.375 0.1538462 0.3703704 0.6 0.5 0.4615385 0.6923077 0.375 0.5 0.4 0.4545455 0.4285714 0.7142857 0.6875 0.5454545 0.2 0.2727273 0.6 0.3684211 0.6666667 0.8571429 0.8333333 0.6428571 0.8571429 0.5555556 0.5714286 0.5833333 0.3333333 0.5384615 0.4666667 0.25 0.6666667 0.8333333 0 0.5 1 1 0.5 0.6666667 0.75 1 0.6 0.4285714 0.8 1 0.3333333 1 1 1 0.5555556 0.6666667 1 0.3333333 0.7142857 0.2818182
 0.2545455 0.1809524 0.2897196 0.4150943 0.3185841 0.3367347 0.344086 0.12 0.1894737 0.1954023 0.24 0.4578313 0.2467532 0.3108108 0.1625 0.5066667 0.442623 0.4202899 0.1549296 0.2739726 0.3492063 0.125 0.5666667 0.625 0.245283 0.2166667 0.2962963 0.5384615 0.453125 0.5208333 0.4285714 0.2903226 0.6444444 0.3170732 0.5277778 0.3421053 0.2162162 0.3636364 0.3333333 0.5588235 0.2258065 0.6923077 0.4 0.4090909 0.56 0.4 0.1428571 0.5714286 0.48 0.5384615 0.5 0.8333333 0.3529412 0.4 0.5833333 0.9 0.5 0.5 0.6666667 0.5 0.1666667 0.4375 0.5 0.5 0.5555556 0.4 0.6 0.7142857 0.375 0.6 0.5333333 0.3333333 0.2857143 0.8571429 0.5 0.2857143 0.6 0.75 0.2142857 0.6666667 0.5 0.2222222 1 0.75 0.7142857 0.4 0.75 0.375 0.8 0.5 0.6666667 0.6666667 0.6 0.6 0.4 0.1666667 0.75 0.6 0.5 0.2571429
 0.15 0.1558442 0.2439024 0.3157895 0.2619048 0.2567568 0.3623188 0.078125 0.07575758 0.2419355 0.1791045 0.2597403 0.2068966 0.295082 0.14 0.4637681 0.5517241 0.2954545 0.1136364 0.2173913 0.212766 0.25 0.4390244 0.4 0.3888889 0.3611111 0.3617021 0.5 0.3939394 0.3170732 0.2 0.3157895 0.2857143 0.2777778 0.5588235 0.3157895 0.125 0.3870968 0.125 0.32 0.4 0.6956522 0.3529412 0.4705882 0.2777778 0.4210526 0.1052632 0.4285714 0.3333333 0.3076923 0.1666667 0.5 0.2352941 0.3076923 0.5 0.5 0.25 0.6153846 0.7 0.6666667 0.2222222 0.3636364 0.25 0.4666667 0.375 0.75 0.25 0.5 0.3333333 0.4285714 0.375 0.2857143 0.4444444 0.75 0.4285714 0 0.4 0.5 0.4 0.4 1 0.4 0.5 1 0.6666667 0.5 0.4 0 0.5 1 0.5 0.4 1 0.4 0.6 1 0.5 0.3333333 1 0.183908
 0.5915493 0.4266667 0.5945946 0.5806452 0.64 0.5217391 0.7066667 0.2786885 0.4507042 0.734375 0.46875 0.7213115 0.5660377 0.7288136 0.5081967 0.7446809 0.7666667 0.779661 0.2962963 0.5909091 0.5897436 0.625 0.7727273 0.8 0.6981132 0.6315789 0.5641026 0.7692308 0.8 0.6578947 0.5588235 0.8333333 0.7777778 0.5806452 0.6666667 0.7307692 0.2068966 0.7826087 0.7241379 0.826087 0.6190476 0.7777778 0.7142857 0.7 0.6666667 0.6666667 0.4545455 0.5833333 0.7368421 0.625 0.6470588 0.7647059 0.5 0.75 0.5 0.875 0.6666667 0.9166667 0.8666667 1 0.3846154 0.6875 0.7777778 0.8333333 0.8571429 0.8333333 0.6666667 0.7777778 1 1 1 0.75 0.6153846 0.8333333 0.6666667 0.6 0.6666667 0.9 0.5714286 1 1 0.8 0.6666667 0.8 1 0.75 0.5 0.2857143 1 0.6666667 1 1 0.8571429 0.5 0.7142857 1 1 0.6 1 0.5060241
 0.4237288 0.28 0.362069 0.4642857 0.4444444 0.265625 0.4098361 0.245614 0.3181818 0.3829787 0.2962963 0.4259259 0.2545455 0.3571429 0.2857143 0.4864865 0.8039216 0.5510204 0.2291667 0.3333333 0.4285714 0.34375 0.5897436 0.5789474 0.5 0.2258065 0.4473684 0.7037037 0.6551724 0.6206897 0.3913043 0.6315789 0.6363636 0.3 0.6111111 0.4482759 0.1666667 0.6521739 0.4074074 0.7058824 0.5 0.8125 0.25 0.5 0.625 0.6153846 0.1818182 0.4 0.8333333 0.5 0.6 0.6923077 0.25 0.5 0.6666667 0.8888889 0.7272727 0.3333333 0.8 0.6666667 0.1428571 0.3 0.625 0.25 0.25 1 0.3333333 0.3333333 0.6666667 0.5714286 0.6666667 1 0.6666667 0.8 0.25 0.5 0.875 0.8 0.1428571 1 0.5 1 0.3333333 0.6666667 0.6666667 0.5 1 0.3333333 1 1 1 1 1 1 0.6666667 0.5 0.6666667 0.8 0.5 0.34375
 0.2131148 0.1296296 0.3090909 0.2 0.1176471 0.3061224 0.34 0.06521739 0.244898 0.1886792 0.1 0.3589744 0.2 0.2291667 0.1666667 0.2903226 0.4411765 0.3611111 0.05128205 0.1025641 0.25 0.1388889 0.3714286 0.5517241 0.2068966 0.2142857 0.1304348 0.5333333 0.5909091 0.4814815 0.2068966 0.5 0.375 0.35 0.4666667 0.2105263 0.1666667 0.5 0.4375 0.4210526 0.2352941 0.6315789 0.5 0.6111111 0.3333333 0.2307692 0.1764706 0.8181818 0.6 0.6 0.4166667 0.5 0.5 0.3333333 0.5 0.7 0.2857143 0.6666667 0.5 0.5 0.125 0.2222222 0.7142857 0.3333333 0.5 0.5 0.5 0.4 0.5 0.6666667 0.5 0 0.1666667 0.2857143 1 0 1 0.5 0 0.25 1 0 1 0 0 1 0.3333333 0.3333333 0.6666667 0.3333333 0 0 0 0.5 0.6666667 0.3333333 1 1 0 0.26
 0.2272727 0.1090909 0.1666667 0.1666667 0.2586207 0.09259259 0.244898 0.1454545 0.1956522 0.1607143 0.125 0.375 0.2093023 0.3333333 0.2619048 0.4318182 0.4473684 0.3404255 0.125 0.2121212 0.3243243 0.2 0.3 0.25 0.2666667 0.1935484 0.2692308 0.3571429 0.2727273 0.3478261 0.1304348 0.2916667 0.36 0.08695652 0.4761905 0.35 0.1428571 0.4583333 0.06666667 0.5714286 0.2173913 0.4117647 0.125 0.1875 0.1428571 0.5 0.1428571 0.25 0.3888889 0.5454545 0.1 0.5 0.125 0.1111111 0.3 0.5 0.375 0.6 0.7058824 0.625 0 0.4 0 0.25 0 0.5 0.3333333 0.4444444 0.5 0.5 0.2 0.8 0 0.25 0.6 0.09090909 0.25 1 0.1666667 0 1 0.6 0.5 0 0.6666667 1 0.3333333 0.3333333 0.3333333 0.6666667 0 0.5 0.5 0.6666667 1 0.5 1 0 0.5 0.125
 0.4029851 0.2241379 0.4411765 0.4090909 0.5666667 0.3469388 0.5178571 0.2692308 0.1702128 0.375 0.25 0.6458333 0.3571429 0.4901961 0.3090909 0.575 0.7560976 0.6216216 0.2941176 0.3125 0.4166667 0.2926829 0.5675676 0.75 0.5294118 0.4516129 0.4583333 0.6153846 0.5925926 0.5357143 0.4705882 0.8181818 0.6666667 0.5882353 0.7037037 0.3684211 0.25 0.6363636 0.5454545 0.6 0.4090909 1 0.4545455 0.8333333 0.7 0.5 0.3333333 0.25 0.6666667 0.5714286 0.5 0.75 0.3333333 0.2727273 0.7142857 0.625 0.5 0.8461538 0.75 0.625 0.2666667 0.7142857 0.8888889 0.7272727 0.7777778 0.6666667 0.5 0.25 0.6 0.8 0.75 0.5 0.5 0.6666667 0.7272727 0.4 0.6666667 1 0.25 1 0.5 1 1 0.6666667 1 1 1 0.75 0.5 1 1 1 1 0.6 1 0.25 1 0.5 0 0.28125
 0.2363636 0.1756757 0.3709677 0.4210526 0.4 0.296875 0.4489796 0.2641509 0.1428571 0.212766 0.4 0.5744681 0.1428571 0.3207547 0.2380952 0.5128205 0.6486486 0.4166667 0.08163265 0.2195122 0.34375 0.125 0.4482759 0.625 0.3714286 0.2272727 0.4545455 0.5555556 0.6153846 0.516129 0.3461538 0.2 0.5454545 0.3636364 0.52 0.4 0.07692308 0.05555556 0.3684211 0.5384615 0.5 0.4 0.4 0.7333333 0.5555556 0.2666667 0.3333333 0.4 0.4666667 0.2857143 0.5 0.3846154 0.08333333 0.6666667 0.3333333 0.4 0.1538462 0.5 0.5 0.6666667 0.2857143 0.6363636 0.25 0.9 0.1428571 0.5 0.5 0.75 0.6 0.2 0.6666667 0.5 0.25 0.4545455 0.25 0.4285714 0.5 0.2 0.1666667 1 1 0.4 0.6666667 0.6666667 0 1 0.5 0 0.5 0.3333333 0.6666667 0.5 0.5 0.5 0.5714286 0.5 0.6666667 1 1 0.2571429
 0.1967213 0.1311475 0.2571429 0.2459016 0.1612903 0.1940299 0.3529412 0.05084746 0.2413793 0.2807018 0.1276596 0.2857143 0.1860465 0.2903226 0.08333333 0.3421053 0.3888889 0.3793103 0.0952381 0.125 0.1956522 0.1842105 0.3 0.1944444 0.1351351 0.1142857 0.2666667 0.3870968 0.4 0.3513514 0.1818182 0.2272727 0.2916667 0.1666667 0.1764706 0.1578947 0.2 0.3913043 0.2727273 0.625 0.2592593 0.6666667 0.1666667 0 0.4666667 0.3333333 0.1 0.4 0.6190476 0.3125 0.3333333 0.3 0.1333333 0.2 0.5 0.2941176 0.25 0.5 0.5 0.3333333 0 0.2857143 0.2222222 0.5 0.4444444 0.25 0.5 0 0.3333333 0.3333333 0 0.6 0.2857143 0.5 0.7142857 0.3333333 0.3333333 0.4 0 0 0.3333333 0 0 0 0.5 1 0.3333333 0 1 0.6666667 0.3333333 0.6666667 1 0.2857143 0.3333333 0 1 0.4 0 0.1666667
 0.2222222 0.1186441 0.1636364 0.2321429 0.1454545 0.2619048 0.2244898 0.1346154 0.0625 0.2181818 0.2407407 0.2941176 0.2444444 0.2711864 0.2826087 0.4146341 0.6923077 0.4444444 0.15 0.2325581 0.2432432 0.1212121 0.255814 0.4411765 0.2631579 0.08 0.2941176 0.5 0.4375 0.6 0.25 0.3 0.5185185 0.36 0.4666667 0.2777778 0.1851852 0.1904762 0.25 0.5 0.1666667 0.3333333 0 0.2666667 0.2 0.3076923 0.1428571 0.4444444 0.3 0.4545455 0.5 0.3333333 0 0.3333333 0.5 0.375 0.375 0.3333333 0.6666667 0.5 0.07142857 0.6 0.5714286 0.5555556 0.3 0.25 0.75 0.4285714 1 0.25 0.3333333 0.6 0 0.5 0.4285714 0.25 0.6666667 0.1666667 0.1428571 0.6666667 0.5 0.25 0 0.5 1 0 0 0.3333333 1 0.8 0 1 0 0.5 0.5 1 0.5 0 0.3333333 0.1612903
 0.4 0.5714286 0.4666667 0.5483871 0.6714286 0.5762712 0.7254902 0.3076923 0.5192308 0.6222222 0.4038462 0.7272727 0.5333333 0.6666667 0.5116279 0.7857143 0.875 0.8409091 0.25 0.5833333 0.7948718 0.56 0.7666667 0.7419355 0.6857143 0.6744186 0.6551724 0.7391304 0.862069 0.9 0.6451613 0.76 0.76 0.8 0.8181818 0.6111111 0.44 0.7407407 0.7727273 0.9375 0.5 0.7857143 0.6315789 0.8333333 0.8 0.75 0.5 0.8181818 1 0.8 0.8333333 0.7777778 0.6153846 0.8571429 0.875 1 0.7333333 0.7142857 1 0.9285714 0.5 0.7777778 0.8571429 0.8333333 0.8 1 1 0.7272727 0.8333333 0.6666667 0.625 0.8 0.2857143 1 0.75 0.625 1 0.6666667 0.2 0.8 1 0.75 1 1 1 1 1 0.7142857 1 0.8 1 1 1 1 0.75 1 1 1 0.6666667 0.5789474
 0.2424242 0.1489362 0.2830189 0.4210526 0.4313725 0.3076923 0.5666667 0.2045455 0.2222222 0.25 0.372093 0.4915254 0.173913 0.3571429 0.3584906 0.5641026 0.6111111 0.5625 0.09090909 0.2857143 0.4 0.2307692 0.625 0.6296296 0.1724138 0.3870968 0.2857143 0.6 0.6 0.44 0.2 0.6 0.7272727 0.4705882 0.48 0.2692308 0.1 0.2727273 0.4615385 0.5384615 0.4090909 0.6666667 0.8 0.4615385 0.4285714 0.5555556 0.2307692 0.6666667 0.7333333 0.7272727 0.5625 0.6363636 0.3125 0.7 0.7777778 0.6 0.2857143 0.3636364 0.7142857 0.4 0.2222222 0.5 0.375 1 0.6666667 0.5 0.625 0.5 0.7777778 0.6 0.5 0.5 0.3333333 0.5 0.6666667 0.3333333 0.6666667 0.625 0 0.75 0.6666667 0.3333333 0.3333333 0.6 1 1 0.6666667 1 0.6666667 0.5 0.75 0.6666667 1 1 1 0.5 1 0.5 0.75 0.2816901
 0.2916667 0.1851852 0.2692308 0.3870968 0.3692308 0.2272727 0.4509804 0.1111111 0.1428571 0.122449 0.1666667 0.4864865 0.3170732 0.3809524 0.1489362 0.5789474 0.625 0.6666667 0.08695652 0.2758621 0.2666667 0.25 0.6388889 0.5405405 0.3548387 0.275 0.3703704 0.6551724 0.4444444 0.5909091 0.4074074 0.3529412 0.5 0.25 0.5833333 0.3333333 0.2380952 0.4285714 0.4 0.6086957 0.04545455 0.75 0.4 0.3076923 0.25 0.09090909 0.1538462 0.3529412 0.8823529 0.4 0.5 0.75 0.2222222 0.375 0.2857143 1 0.1111111 0.75 0.7777778 0.4285714 0.1428571 0.625 0.5 0.5555556 0 0.7142857 0.5 0.25 1 0.5 0.2307692 0.5 0.75 0.4285714 0.5714286 0 0.875 0.5 0 0.3333333 0.5 0.5 0.5 1 0.3333333 0.5 0.5 0 0.8571429 0.3333333 0.5 0.8 0.5 0.6666667 0.5 0.4 1 0.5 0.5 0.2241379
 0.3188406 0.1212121 0.2741935 0.3454545 0.3333333 0.3333333 0.3214286 0.15625 0.1454545 0.3018868 0.244898 0.3541667 0.2093023 0.4038462 0.2608696 0.2954545 0.4285714 0.3181818 0.1219512 0.2093023 0.2368421 0.2121212 0.3636364 0.35 0.2580645 0.3414634 0.1612903 0.5384615 0.2692308 0.5238095 0.16 0.3913043 0.3793103 0.2380952 0.7083333 0.3333333 0.2 0.5 0.25 0.625 0.2222222 0.8666667 0.6153846 0 0.2380952 0.3333333 0.3157895 0.4 0.4705882 0.6315789 0.5 0.5333333 0.1666667 0.75 0.6666667 0.75 0.2727273 0.1 0.5 0.4444444 0.1666667 0 0.4444444 0.5 0 0.4 0.3333333 0.3333333 0.5714286 0.2222222 0.5 0.25 0.4444444 0.4285714 0.4444444 0.5 0.2 0.3333333 0.2857143 0 0.3333333 0.5 0.4285714 0.5 0.5 1 0.4285714 0.3333333 0.5 0.4 0.4 0.6666667 0.5 0.5 0 0.5 0.8333333 0 0.6666667 0.2428571
 0.4411765 0.1666667 0.372093 0.4722222 0.4146341 0.4705882 0.4827586 0.1666667 0.3030303 0.4358974 0.2 0.4857143 0.3902439 0.5121951 0.2 0.5666667 0.6206897 0.5862069 0.2307692 0.2857143 0.4166667 0.4090909 0.625 0.7826087 0.5185185 0.4761905 0.3043478 0.5263158 0.5714286 0.7058824 0.1904762 0.6111111 0.826087 0.4666667 0.6875 0.5263158 0.3888889 0.5833333 0.6875 0.7 0.6666667 0.75 0.1428571 0.6363636 0.5714286 0.625 0.3333333 0.4545455 0.6 0.3333333 0.4444444 0.625 0.1428571 0.75 0.5 1 0.2222222 0.8571429 0.5555556 0.7 0.2 0.3333333 1 1 0.5 0.5 0.5 1 1 0.3333333 0.75 0.5714286 0.5 0.5 0.5 0.3333333 0.5 0.6 0 0.5 1 1 1 1 0.5 1 0.6666667 0.75 0.5 1 0.6 0 0.5 1 1 0.5 0.75 0.6666667 0.75 0.2777778
 0.2424242 0.2058824 0.25 0.3714286 0.4166667 0.2702703 0.425 0.125 0.1764706 0.1666667 0.2222222 0.3461538 0.2608696 0.2727273 0.1428571 0.4615385 0.4545455 0.25 0.1904762 0.2962963 0.173913 0.1818182 0.5789474 0.5 0.25 0.2142857 0.2083333 0.375 0.75 0.4285714 0.2 0.6666667 0.7222222 0.2105263 0.5333333 0.2352941 0.2777778 0.7333333 0.2 0.6315789 0.25 0.6428571 0.3636364 0.1 0.8333333 0.1111111 0.2 0.6666667 0.6666667 0.1428571 0.6 0.25 0.1666667 0 0.5 0.5 0.3333333 0.5 0.75 0.75 0 0.5 0.2857143 0.6 0.5 0.5 0.5 0.5 0.8 0 1 0.5 0.3333333 0.8 0 0 1 0.6666667 0 1 0 0 0.6666667 0 0.5 1 0.3333333 0.2 0.6666667 1 0.6666667 0.5 0 1 0.5 0.5 0.6666667 0 0 0.1714286
 0.4857143 0.1702128 0.3404255 0.375 0.3170732 0.3142857 0.4545455 0.09375 0.1666667 0.2580645 0.2083333 0.52 0.1764706 0.28 0.2 0.4137931 0.76 0.5 0.1666667 0.2173913 0.36 0.24 0.3684211 0.5 0.2608696 0.3181818 0.3333333 0.5238095 0.7222222 0.3333333 0.5 0.3333333 0.4545455 0.3333333 0.4705882 0 0.2 0.4 0.3333333 0.6 0.1818182 0.5 0.3333333 0.7777778 0.5454545 0.25 0.1666667 0.25 0.7272727 0.1666667 0.4 0.75 0.3333333 0.6666667 0.5 0.6666667 0.5 0.5 0.5 0.25 0 0.375 0.5 0.6666667 0.5 0.5 0.5 0.8 0.6666667 0 0.3333333 0.1111111 0 0.5 0.5 0 0.25 0.6666667 0.25 0.5 0 0.3333333 0 0.5 1 1 0.5 0 0.6666667 0.3333333 1 1 0.6666667 1 0.6 0 1 0.5 0.5 0.2682927
 0.2682927 0.125 0.2222222 0.3214286 0.175 0.1935484 0.4848485 0.2173913 0.125 0.1764706 0.4 0.3428571 0.2105263 0.3478261 0.2142857 0.48 0.4285714 0.5416667 0.07407407 0.173913 0.1428571 0.1176471 0.4090909 0.4 0.3571429 0 0.3043478 0.4285714 0.5333333 0.5384615 0.3888889 0.375 0.25 0.2307692 0.4285714 0.3333333 0.2142857 0.3333333 0.375 0.5625 0.07142857 0.4615385 0.8333333 0.3636364 0.4545455 0.2 0.25 0.5555556 0.875 0.3571429 0.2857143 0.5 0.2222222 0.6666667 0.6 0.5555556 0.75 0.25 1 0.5714286 0.2727273 0.5 0.75 0.6666667 0 0.5 0.2 0.5 1 0.3333333 0.5 0.625 0 0.6666667 0.6666667 0.25 0.5 0.4 0.3333333 0 0.5 0 0 0.5 0.5 1 0.5 0.5 0.5 0.3333333 0.5 0.6666667 0.5 0.5 0 0 1 0 1 0.1764706
 0.2142857 0.06521739 0.1395349 0.2380952 0.08510638 0.1944444 0.2285714 0.07692308 0.05714286 0.2162162 0.1071429 0.2647059 0.2307692 0.25 0.08823529 0.2647059 0.52 0.125 0.06896552 0.1724138 0.1515152 0.2 0.0952381 0.2631579 0.1851852 0.09090909 0.2857143 0.3 0.3478261 0.4210526 0.3 0.08333333 0.2777778 0.1333333 0.375 0.07142857 0 0.25 0.3333333 0.375 0.04545455 0.5555556 0.2857143 0.1666667 0.2 0.1111111 0 0.2857143 0.4444444 0.1428571 0.625 0.6666667 0 0.3333333 0.5 0.5 0.4 0.4 0.6666667 0 0.1666667 0.2222222 0 0.4285714 0 0.2 0.3333333 0 0.5 0.6 0 1 1 0 0.3333333 0 0.2 0.6666667 0 0.5 0.3333333 0.6666667 0.5 0.3333333 0.6666667 0.5 1 0 1 0 0 1 0.75 0.5 0.25 0 0.4 0.6666667 0 0.09756098
 0.3571429 0.195122 0.3181818 0.2307692 0.3823529 0.2439024 0.3947368 0.06060606 0.34375 0.2702703 0.25 0.5483871 0.4166667 0.483871 0.2333333 0.3611111 0.6363636 0.4814815 0.1481481 0.2352941 0.40625 0.2916667 0.4375 0.4285714 0.5 0.1666667 0.3043478 0.3684211 0.5714286 0.45 0.5 0.7272727 0.3636364 0.7142857 0.7777778 0.6 0 0.4545455 0.5 0.7 0.3 0.75 0.3333333 0.6153846 0.4285714 0.3529412 0.2 0.2 1 0.4444444 0.4 0.5714286 0 0.4285714 0.3333333 0.5 0.2 0.8 0.6666667 0.75 0.3333333 0.4 0.5 0.7777778 0.6666667 1 1 0.6666667 0.4 0.5 0.75 0.4 1 0.6 0.5 0.5 0.5 0.6666667 0.5 0.6666667 0 1 1 1 0 0.5 0 0.5 0 0.5 0.5 0.25 0.5 1 0.6666667 0 0 0 0 0.3333333
 0.3061224 0.2307692 0.4222222 0.3653846 0.5116279 0.15 0.5111111 0.2162162 0.3030303 0.4634146 0.2058824 0.6333333 0.4516129 0.4545455 0.3255814 0.5625 0.6428571 0.32 0.2 0.2608696 0.4333333 0.4166667 0.4230769 0.4 0.516129 0.36 0.4210526 0.5238095 0.7916667 0.5714286 0.1904762 0.3333333 0.6842105 0.2352941 0.4375 0.4444444 0.4285714 0.4 0.5714286 0.7272727 0.5384615 0.6428571 0.7777778 0.3076923 0.4285714 0.1428571 0.3 0.7272727 0.5384615 0.4285714 0.4666667 0.625 0 0.3333333 0.5 0.8 0.25 0.3333333 1 0.6666667 0.375 0.5 0.7692308 0.5 0.25 0 0.6666667 0.5 1 0.25 0.5 0.3333333 0.2 0.6 0.75 0.75 0.3333333 0.6666667 0.6 0.5 1 0.6666667 0.5 0 1 0.5 0 0.5 1 0.8333333 0.5 0.6666667 0.6666667 1 0.6666667 0 1 0.75 0 0.2380952
 0.1891892 0.1568627 0.3695652 0.3846154 0.326087 0.2857143 0.5 0.3548387 0.2619048 0.2972973 0.2631579 0.4848485 0.3055556 0.3214286 0.375 0.4642857 0.7142857 0.5142857 0.3103448 0.4736842 0.36 0.3125 0.5588235 0.5 0.3529412 0.4666667 0.2424242 0.4285714 0.5714286 0.4761905 0.32 0.3333333 0.4166667 0.3571429 0.5454545 0.4 0.1875 0.3076923 0.5 0.6923077 0.25 0.6923077 0.2857143 0.5 0.5 0.375 0.2142857 0.6923077 0.625 0.4166667 0.6666667 0.7142857 0.25 0 1 0.2 0.5 0.5 0.4 0.4 0.2 0.5 0.5 0.75 0.4285714 0.5 0.8888889 0.375 0 0.6 0.6666667 0.5 0.4 0.7142857 0.8333333 0.5 0.75 0.5 0 1 1 0.6666667 0.5 0.6666667 0.5 1 1 0 1 0.6666667 1 1 1 1 1 0.6666667 1 1 0 0.5
 0.4705882 0.275 0.6 0.5483871 0.475 0.3333333 0.5294118 0.1724138 0.2692308 0.3809524 0.3125 0.4814815 0.375 0.5769231 0.25 0.5862069 0.6666667 0.6923077 0.2142857 0.2222222 0.6086957 0.4 0.8947368 0.6818182 0.5833333 0.5263158 0.4 0.7368421 0.6666667 0.5333333 0.4285714 0.5454545 0.5714286 0.6153846 0.6923077 0.1428571 1 0.6153846 0.7 0.6666667 0.4 0.7142857 0.4615385 0.7142857 0.8333333 0.5 0.4285714 0.75 0.7142857 0.6666667 0.7142857 0.5555556 0.3846154 0.3333333 0.8333333 1 0.5 0.75 0.7142857 1 0.7142857 0.6666667 0.25 0.5555556 0.5 0.6666667 1 1 0 0 0.8 0.6 0.5 1 0.5 0.2857143 0.6666667 1 0.4 1 1 1 0.5 0.5 1 1 0.6666667 0.5 0.8 0.5 0.5 1 1 1 0.6666667 0.5 0.5 0 1 0.375
 0.2678571 0.1590909 0.1818182 0.3404255 0.3333333 0.1818182 0.5294118 0.02439024 0.3157895 0.1136364 0.1818182 0.5555556 0.3170732 0.4878049 0.1538462 0.44 0.5277778 0.4615385 0.09090909 0.1818182 0.1666667 0.15 0.3214286 0.4090909 0.3636364 0.2692308 0.1153846 0.4705882 0.3571429 0.5 0.3333333 0.375 0.5454545 0.3157895 0.5882353 0.2857143 0.0625 0.5 0.3333333 0.6428571 0.1 0.8125 0.4166667 0.6153846 0.4 0.4166667 0.375 0.1 0.5714286 0.4615385 0.1428571 0.25 0.1666667 0.2 0.7142857 0.75 0.3333333 0.5454545 0.5 0.5 0 0.5 0.5714286 0.5714286 0.5 0.2 0.5 0.3333333 1 0.4 0.4 0.2857143 0 0.5 0 0 0.5 0.6 0.25 0.5 0.6666667 1 0 1 0 1 0 0 1 0.3333333 0.5 0 0.5 0 0 0.5 0.5 0.5 0.5 0.1833333
 0.3421053 0.1463415 0.1842105 0.2631579 0.3333333 0.375 0.2941176 0.175 0.1935484 0.1578947 0.1785714 0.3461538 0.2222222 0.3888889 0.4 0.4571429 0.5555556 0.375 0.125 0.1428571 0.28 0.137931 0.5384615 0.4736842 0.5263158 0.3913043 0.1363636 0.2307692 0.2941176 0.4285714 0.1666667 0.3846154 0.3888889 0.3846154 0.2666667 0.1666667 0.25 0.3636364 0.3571429 0.6666667 0.1428571 0.5 0.5 0.3636364 0.2307692 0.4285714 0.2222222 0.7142857 0.7 0.5333333 0.5 0.5714286 0.3333333 0.75 0 0.4 0.2727273 0.75 0.2857143 0.5714286 0.25 0.3333333 0.4285714 0.5555556 0.5 1 0.5 0.3333333 0.6666667 0.5 0.25 0.1666667 0.5 1 0.5 0 0.4 0.5 0 0.5 0.5 0.3333333 1 0.5 0.5 0.5 0.6666667 0.5 0.5 0.5 0.3333333 0.5 0 1 0.4 0.3333333 0 1 0 0.212766
 0.5217391 0.4166667 0.5142857 0.4722222 0.5555556 0.3636364 0.5 0.2093023 0.3703704 0.3703704 0.4814815 0.6969697 0.2758621 0.5862069 0.3448276 0.6666667 0.7272727 0.6785714 0.1153846 0.6111111 0.4347826 0.3333333 0.6666667 0.8095238 0.5714286 0.3684211 0.4090909 0.7857143 0.6153846 0.5 0.5333333 0.6363636 0.8 0.4736842 0.5 0.4705882 0.4 0.9285714 0.7777778 0.75 0.3333333 0.875 0.4444444 0.4 0.625 0.8333333 0.6 0.75 0.8181818 0.75 0.7142857 1 0.4 0.5 1 0.9090909 0.6 0.5714286 0.6666667 0.75 0.375 0.6666667 1 0.5 0.6666667 1 1 0.75 1 0.5 0.25 0.5 0.7142857 1 1 0.5 0.5714286 1 0.1666667 1 1 1 1 1 0.5 0.6666667 1 1 1 1 0.5 0.6666667 1 0.5 0 1 1 1 1 0.3777778
 0.1111111 0.1764706 0.1276596 0.3103448 0.2580645 0.2941176 0.3448276 0.1612903 0.1176471 0.1666667 0.07692308 0.3666667 0.3333333 0.1578947 0.08 0.5238095 0.4074074 0.7 0.1 0.2083333 0.2173913 0.1764706 0.3181818 0.3157895 0.2857143 0.2941176 0.3333333 0.4444444 0.45 0.5 0.2666667 0.3125 0.5 0.4444444 0.3076923 0.1818182 0.07692308 0.25 0.375 0.7 0.1666667 0.6363636 0.5714286 0.25 0.125 0.25 0.1666667 0.5 0.6666667 0.3333333 0.4 0.6 0.3333333 0.125 0 0.75 0.3333333 0.5 0.6666667 0.3333333 0 0.3333333 0.125 0.8 0.5 0 0.75 0.5 0.8 0.5 0.6666667 0.25 0.3333333 0.5 0.6 0.4285714 0.5 0.25 0.2 0.6666667 0.5 0.5 0.5 0.5 0.5 1 0.5 0 0.5 0 0.5 1 0.5 0.5 0 0 0.5 0.6666667 0 0.2
 0.225 0.08571429 0.1162791 0.2682927 0.2340426 0.1764706 0.2 0.0625 0.1315789 0.16 0.07407407 0.3461538 0.1034483 0.2333333 0.1578947 0.5 0.3333333 0.32 0.09090909 0.2 0.2631579 0.1363636 0.4 0.3157895 0.4166667 0.1764706 0.09090909 0.3846154 0.2666667 0.3333333 0.1 0.5 0.1111111 0.25 0.3529412 0.05 0.06666667 0.375 0.3333333 0.3636364 0.1578947 0.5 0 0.5 0.2222222 0.4166667 0.1666667 0.2222222 0.6153846 0.1666667 0.25 0.5 0.1 0.2 0.5 0 0 0.8 0.6 0.8333333 0.3333333 0.375 0.5 0.6666667 0.4 0.3333333 0.3333333 0.6 0.3333333 0.3333333 0.3333333 0.5 0 0.4 0.5 0 0.75 0.5 0.2 0.6 1 0.3333333 0.3333333 1 0.5714286 0.5 0.8 0 1 0.75 0.5 0.6666667 1 0.5 0 0 0.6666667 1 0 0.125
 0.4615385 0.4473684 0.5789474 0.6153846 0.6666667 0.4883721 0.7179487 0.375 0.3823529 0.6666667 0.5862069 0.75 0.5333333 0.5714286 0.52 0.9130435 0.96 0.6666667 0.3076923 0.5945946 0.7368421 0.5714286 0.6 0.8387097 0.75 0.6071429 0.6666667 0.9473684 0.7333333 0.7222222 0.6666667 0.6428571 0.8125 0.5263158 0.6666667 0.6363636 0.6923077 0.75 0.8 0.9285714 0.5 0.9090909 0.625 0.7142857 0.6 0.5555556 0.4444444 0.875 0.8181818 1 0.7857143 0.6 0.4285714 0.8571429 1 0.8333333 0.75 0.8333333 1 0.8571429 0.8 1 1 0.7142857 1 1 0.75 0.6666667 1 0.5 0.4 1 0.6 0.75 1 0.8333333 0.8 0.8 0.5 1 0.5 1 0.5 0.5 1 0.5 0.5 0.5 0.75 0.5 1 0.25 1 1 1 1 1 1 0.6666667 0.5641026
 0.15 0.1363636 0.3125 0.2666667 0.1 0.25 0.3157895 0.1304348 0.2105263 0.1176471 0.04761905 0.5238095 0.2142857 0.2857143 0.1818182 0.4166667 0.4666667 0.2222222 0.2142857 0.2142857 0.3636364 0.2727273 0.3636364 0.4444444 0.2222222 0.1 0.125 0.5 0.5 0.4615385 0 0.2 0.25 0.1428571 0.2857143 0.3333333 0 0 0.25 0.8333333 0 0.5 0.2 0.3333333 0.3333333 0.2 0 0.6666667 1 0.5 0.3333333 0.6 0 0 0.75 1 0 0 1 0.3333333 0.2 0.25 0.6666667 1 0.5 0 0.5 1 0.5 0.3333333 0.5 0 0 0.5 0.5 0 0.3333333 0.4 0 0.5 0.5 1 0 0 0 1 0.5 0.5 1 0 0.5 0.5 1 0.5 0 0 0.5 0.5 0.5 0.16
 0.125 0.1304348 0.1904762 0.1333333 0.1052632 0.2666667 0.3076923 0.1666667 0.1333333 0.2142857 0.09090909 0.3333333 0.1666667 0.2777778 0.08333333 0.5 0.2857143 0.3846154 0 0.09090909 0.2 0 0.3 0.25 0.08333333 0.2 0.5 0.5 0.1666667 0.6666667 0.2 0.1666667 0.3333333 0 0.6 0.4285714 0 0.2 0 0.3333333 0 0.2857143 0.1666667 0.2 0 0.25 0.1666667 0.3333333 0.4 0 0.5 0 0 0.5 0 0 0.5 0 0.6666667 0.5 0 0.3333333 0.5 0.6666667 0 1 1 0.5 0.6666667 1 0 0 0 0.3333333 0.5 0 0.5 0 0.5 0.5 0.5 0 0 0.5 1 0 0.3333333 0 0 0.5 0 0 0.5 0.5 0 0.5 1 0.5 0 0.1
 0.3478261 0.1481481 0.2307692 0.4827586 0.2857143 0.2413793 0.125 0.2222222 0.05263158 0.1904762 0.1666667 0.4090909 0.2692308 0.5 0.1904762 0.4285714 0.7 0.6666667 0.2 0.07142857 0.5 0.2352941 0.5 0.6 0.5 0.3 0.3 0.5333333 0.6 0.375 0.3636364 0.08333333 0.7692308 0.5384615 0.8 0.25 0 0.75 0.5 0.8888889 0.25 0.8 0.2857143 0.5 0.6 1 0.1428571 0.8 0.8 0 0.7777778 0.6 0.2 0 1 0.4 0 0.6 1 0.75 0.25 0.6666667 0.5 0.5 0 1 0.6666667 1 0.3333333 0 0.3333333 0.3333333 0 0 0.6666667 0 0.5 0.6666667 0 0 1 0.5 1 0.5 0.5 1 0.5 0 1 1 0.3333333 0.5 0.5 0.5 0.5 0 0.5 0 0.5 0.3333333
 0.1333333 0 0.08333333 0.25 0.5 0.2307692 0.3571429 0.2 0 0.2727273 0.375 0.5 0.2222222 0.2 0.1818182 0.4 0.3 0.1666667 0.2 0 0.3333333 0 0.8 0.2 0.2 0 0.375 0.2 0.3333333 0.6666667 0.1666667 0.5 0.5 0.1818182 0.4 0.5714286 0 0.8333333 0.6666667 0.5714286 0 0.5 0.3333333 0.5 0.3333333 0 0.3333333 0.3333333 0.5 0.5 0 0.5 0.3333333 0.6666667 0 0.5 0 0.3333333 1 1 0 0.6666667 0.5 0.5714286 0 0.3333333 1 1 0.5 0 0.5 0.5 0.5 1 0 0 0.5 0.6666667 0.5 1 1 0 0.5 0.5 0.3333333 0.5 0.5 0.5 0 0.5 0.5 0.5 0.5 0.5 0.5 0.5 1 0 0.5 0.0625
 0.1578947 0 0.1875 0.1538462 0.3333333 0.2307692 0.2666667 0 0.1111111 0.0625 0.1666667 0.9090909 0.25 0.3333333 0.1818182 0.6 0.6 0.3076923 0.07692308 0.2307692 0.1818182 0.1428571 0.3333333 0.4 0.2727273 0.1111111 0.25 0.75 0.4 0.375 0.375 0.5 0.625 0.5 0.5 0.5 0 0.2 0.5 0.5 0 0.5 0.1666667 0.1666667 0.3333333 0.25 0 0.5 0.3333333 0.3333333 0.25 0 0.2 0.3333333 1 1 0.3333333 0.3333333 1 0.5 0 0.4 0 0.5 0 1 0.5 0.5 0.6666667 0 1 0.3333333 0.5 0 0.5 0 0.5 0 0.5 1 0.5 0.5 0.5 0.5 1 0.5 0.5 0 0.6666667 0.5 0 0.5 0 1 0.5 0 0.5 0.5 0.6666667 0.0952381
 0.1111111 0.15 0.375 0.3703704 0.16 0.2777778 0.3684211 0.1176471 0.25 0.1333333 0.2380952 0.4210526 0.5 0.2 0.25 0.4210526 0.5 0.5 0 0 0.2 0.3333333 0.4545455 0.4666667 0.125 0 0.1666667 0.5714286 0.2 0.5555556 0 0.25 0.75 0 0.3333333 0.2 0 0.6666667 0.4 0 0.5 0.3333333 0.1428571 0.6666667 0.5 0.4 0.2 0.7142857 0.5714286 0.25 0.2857143 0.3333333 0 0.3333333 1 0.3333333 0 1 0.5 0 0 0 0.6666667 0.5 0.5 0.5 0 0.5 0.3333333 1 0 0.5 0 1 0.5 0.5 0.5 0.4285714 0 1 0 0.5 0.6666667 0 0.5 0 0.3333333 0 0 0.5 1 0.5 0.5 0.3333333 1 0.5 0.5 1 0.5 0.08333333
 0.1176471 0 0.1428571 0.25 0.0625 0.1176471 0.1818182 0.1818182 0.125 0.1111111 0.1428571 0.1333333 0.08333333 0.2857143 0 0.2666667 0.6666667 0.3636364 0.1 0.2 0 0 0.8 0.3 0 0 0 0.1666667 0.6 0.1428571 0.3333333 0 0.2 0.2 0 0 0 0.6666667 0.1666667 0.6666667 0.25 0.5 0 0 0 0 0 0.3333333 0.3333333 0 0.6 0.5 0.25 0.5 0 0 0 0 0 1 0 0 0.5 0 0 0 0 0 0.5 0.5 0.5 0 0 0 0.5 0.3333333 0 0.5 0.5 0 1 0 0.5 0.5 1 0.5 0.5 0 0.5 1 0.5 0.5 0.5 0.5 0.5 0.5 0.5 0.3333333 0 0.05263158
 0.2758621 0.125 0 0.36 0.28 0.2 0.3684211 0.1818182 0.1111111 0.08333333 0.05 0.5882353 0.1 0.4285714 0.2727273 0.4117647 0.5294118 0.5454545 0.2941176 0.1538462 0.25 0.06666667 0.4166667 0.5555556 0.1111111 0.6 0.6 0.875 0.4545455 0.4545455 0.2857143 0.5 0.6153846 0.25 0.625 0.1666667 0.5 0.3333333 0.4444444 0.3333333 0.3333333 0.5 0.5 0 0.5 0 0.125 0.5 0.3333333 0.4 0.25 0.6 0.5 0 0.6666667 0.6666667 0 0.5 0.6666667 1 0 0.3333333 0.5 0.5714286 0.3333333 0.6666667 0.5 0.5 0 1 1 0 0.3333333 1 0.3333333 0 0.5 0.2 0.5 0.5 0.6666667 0.5 0.5 0.5 0.6666667 0.5 0.5 0 0.5 1 0.25 0.5 1 0 0 0.5 1 0.5 0 0.2058824
 0.4827586 0.3333333 0.4482759 0.3461538 0.6666667 0.4736842 0.5294118 0.173913 0.3125 0.3157895 0.1 0.5 0.6 0.5714286 0.3333333 0.6666667 0.7272727 0.7333333 0.2 0.1111111 0.4285714 0.2 0.7 0.7391304 0.25 0.4 0.2222222 0.5714286 0.7 0.75 0.5714286 0.5555556 0.375 0.3333333 0.4 0.1666667 0.1875 0.75 0.75 1 0.4444444 0.5 0.5 0.6 1 0.4 0.4 0.5 1 0.5714286 0.625 1 0.7142857 0.6666667 0.6666667 0.6666667 0.25 1 1 0.6666667 0.2857143 0 1 0.6666667 0.25 0.8 1 0.5 1 0.5 0.5 1 0.5 1 0.5 0 1 1 0.5 0.5 1 1 0.5 1 1 1 1 0.5 1 0.5 0 1 0.5 1 0.5 0.5 0.5 1 1 0.3103448
 0.125 0.1176471 0.125 0.3809524 0.2857143 0.2666667 0.2592593 0.07692308 0.1428571 0.1304348 0.25 0.25 0.1538462 0.0625 0 0.3846154 0.3529412 0.2 0.1176471 0.1666667 0.1 0 0.2857143 0.2 0.3333333 0.2 0.1666667 0.3529412 0.4615385 0.1666667 0.2 0.125 0.1666667 0.25 0.5 0 0.125 0.5 0 0.5714286 0 0.4444444 0 0.4 0 0.125 0 0.3333333 0.1666667 0.2 0.2 0.5 0 0 0.3333333 0.6666667 0.5 0.5 0 0 0 0.3333333 0.1428571 0.5 0.5 0.3333333 0.3333333 0.5 0 1 0 0 0.2 0 0.5 0 0.5 0 0.25 0 1 0 1 0.3333333 1 0.5 0.5 0 0.5 0.5 0 0.5 0 0 0 0.5 0.5 1 0.5 0.06666667
 0.12 0.03846154 0.2307692 0.25 0.16 0.3125 0.1363636 0.1052632 0.1333333 0.08333333 0 0.3125 0.1538462 0.04761905 0.08333333 0.3333333 0.625 0.2307692 0 0.0625 0 0 0.1428571 0.4444444 0 0.2 0.3333333 0.3636364 0.3636364 0.3333333 0.1666667 0 0.5 0 0 0.25 0 0.5 0.2 0.5 0 0.4 0.5 0.3333333 0.3333333 0 0.3333333 0.4 0.4 0 0.5 0 0.3333333 0 0.6666667 0.3333333 0 0.6666667 0.3333333 0.2 0.2 0.5 0.6666667 0.6 0 0 0.6666667 0.6666667 1 0.5 0.1666667 0.3333333 0.5 0.6666667 0.5 0 1 0.25 0.5 1 0.5 0 0.5 0.5 0.5 0 0 0.5 0.5 0.5 0.5 0 0.5 0.5 0.5 0.5 0.5 0 1 0.1578947
 0.2 0.3157895 0.4375 0.4736842 0.3529412 0.2857143 0.48 0.05 0.2105263 0.08695652 0.24 0.5555556 0.3809524 0.3333333 0.2631579 0.5384615 0.6923077 0.06666667 0.3333333 0.25 0.06666667 0.1666667 0.4545455 0.6923077 0.09090909 0.2307692 0.4 0.625 0.8333333 0.3636364 0.3636364 0.4444444 0.4 0.1666667 0.4 0.5 0.3333333 0.6428571 0.75 0.4444444 0.3333333 0.5 0 0 0.3333333 0.25 0 0.3333333 1 0.6666667 0.3333333 0.5 0 0 1 1 0 0.3333333 0.6666667 1 0 0.25 0.5 0.6 0.4 0.3333333 0 0.5 1 0.5 0.5 0 0.5 0.5 0.6666667 0.5 0.5 0.5 0 0.5 1 0.6666667 0.5 1 0 0.5 0.75 1 1 0.5 0.5 0.5 0.5 0.5 0.5 0.5 0.5 0.5 0.5 0.3
 0.08695652 0.0952381 0.1538462 0.2631579 0.1923077 0.1304348 0.2631579 0.08333333 0.2 0.1428571 0.1176471 0.2941176 0.1363636 0.2352941 0.1333333 0.3636364 0.4736842 0.4666667 0.2222222 0.3333333 0.09090909 0.07142857 0.25 0.3333333 0.3 0.09090909 0 0.6666667 0.4285714 0.5 0.09090909 0 0.5 0.1 0.2 0.3333333 0.2 0.5714286 0.2 0.5 0 0.2857143 0.2 0.4 0.4285714 0 0 0.3333333 0.1666667 0 0.3333333 0.6 0 0 1 0.5 0 0.5 0.3333333 0 0 0.3333333 0.2 0.3333333 1 0.5 0 0.3333333 0 0.75 0.3333333 0 0 1 0.5 0.3333333 0 0.3333333 0.75 0.5 1 0.5 0.5 0.5 0.5 0.5 0.5 0 0.5 1 0.5 0.5 0.6666667 0 1 0.5 1 0.3333333 0 0.2272727
 0.04761905 0.04166667 0.05882353 0.2380952 0.05 0.0952381 0.4210526 0 0.1 0.2272727 0.1428571 0.1538462 0 0.1111111 0 0.2727273 0.1 0.3333333 0.09090909 0.07692308 0 0.2222222 0.3 0.08333333 0.0625 0.125 0.1176471 0.1818182 0.5833333 0.125 0.1428571 0.4 0.2857143 0.25 0.25 0 0.1428571 0.6666667 0.4285714 0 0.2 0.4285714 0.3333333 0.375 0.2 0.5 0 0.4 0.5 0 0.4 0 0.1428571 0 1 0.5 0 0.5 0 1 0 0 0.5 0.5 0.5 1 0.3333333 0.5 0.25 0.5 0.3333333 0 0 0.5 1 0 0.5 0 0 0 0.5 0.5 0.5 1 0.5 0.5 0 0.5 1 0.5 0.5 0.3333333 0.5 1 0 0 0.5 0.5 0 0.1578947
 0.3157895 0.2380952 0.1666667 0.2666667 0.2105263 0.3333333 0.2222222 0.08333333 0.1052632 0.1153846 0.04545455 0.2 0.07142857 0.375 0.1333333 0.4615385 0.3571429 0.3076923 0.08333333 0.1764706 0.5 0.1666667 0.3333333 0.2142857 0.2222222 0.2142857 0 0.3333333 0.4166667 0.3333333 0.1428571 0.25 0.75 0 0 0.4 0.2 0.25 0.4444444 0 0 0.375 0.5 0.5 0.3333333 1 0.5 0.5 0.25 0 0.4 0.6 0.5 0 0.5 0.3333333 0.4 0.5 0.7142857 0.5 0 0 0.3333333 0.5 0 0 0 0.5 0.5 0 0 0 0 1 0 0.5 0.5 0.5 0 0.5 0.5 0.5 0.5 0 0.6666667 0.5 1 0 1 0.5 0.5 1 0 0.5 0.6666667 0 1 1 0.5 0.2631579
 0.2727273 0.08823529 0.2758621 0.5333333 0.4074074 0.1724138 0.4230769 0.2857143 0.3333333 0.5 0.1904762 0.65 0.1818182 0.3333333 0.1052632 0.3846154 0.8181818 0.625 0.1538462 0.2222222 0.2857143 0.3333333 0.7142857 0.4166667 0.4 0.2777778 0.6666667 0.5555556 0.6666667 0.7272727 0.3076923 0.7777778 0.6923077 0.4444444 0.5833333 0.4545455 0.2 0.25 0.4 0.4444444 0.3333333 0.3846154 0.375 0.1666667 0.5 0 0.4 0.2857143 0.8333333 0.4444444 0.6 0.4 0.2857143 0.3333333 0.3333333 0 0 0.4285714 0.6666667 0.5 0.25 0 0.5 1 0 0.5 0.4 1 0.75 0.3333333 0.3333333 0 0.3333333 1 0.6 1 1 1 0 1 1 0.5 0.5 0.5 0 0.5 1 0.5 1 0.5 0.5 0 1 0.3333333 0.5 1 0.5 1 0.5 0.2692308
 0.3333333 0.1904762 0.4 0.3529412 0.5238095 0.2857143 0.5238095 0.1428571 0.2272727 0.4 0 0.5 0.5 0.2307692 0.125 0.5555556 0.75 0.5454545 0.2 0.3333333 0.08333333 0.25 0.5833333 0.5384615 0.6666667 0.3333333 0.1428571 0.5454545 0.6666667 0.75 0.8 0.5 0.6 0.5555556 0.8 0.5 0.375 0.5 0.6 0.6666667 0 0.5 0.75 0.375 0.5 0.6666667 0.2 0.75 0.4 0.3333333 0.8333333 0 0 0.5 0.6666667 0.5 0.75 0.5 1 0 0 0.5 0.6 0.5 0.5 0.5 1 1 1 1 1 0.3333333 0.5 0.5 0.6666667 0 1 1 0 1 0.5 1 0.5 1 0.5 0.5 0.5 0.5 0.5 0.5 0.5 0.5 1 1 0 0.5 0.5 0.5 0.5 0.4210526
 0.1052632 0.1052632 0.04545455 0.05882353 0.07692308 0.1176471 0.125 0.04545455 0 0.04545455 0.04761905 0 0 0 0 0.25 0.0625 0.07142857 0 0.07142857 0.1428571 0.05882353 0 0.1176471 0.2857143 0 0 0 0.1818182 0 0.25 0 0 0 0.3333333 0.2 0 0.3333333 0.3333333 0 0 0.25 0 0.2 0.1428571 0.25 0 0.2 0 0 0.25 0.5 0 0.3333333 0 0 0 0.3333333 0 0.5 0 0 0 0.1666667 0.25 0.3333333 0 0 0.6 1 0 0 0.5 0.5 1 0 0.5 0.3333333 0 0.5 0 0.5 0 0.5 0.5 0.5 0 0.5 0.5 0.5 0.5 0 0.5 0 0.5 0.5 0.5 0.5 0 0.08333333
 0.1052632 0.1111111 0.2777778 0.2941176 0.2727273 0.2777778 0.5217391 0.1111111 0.1052632 0.1333333 0.1304348 0.3529412 0.06666667 0.2222222 0 0.2727273 0.6153846 0.4285714 0 0.08333333 0.3846154 0 0.4444444 0.3333333 0.3571429 0.09090909 0.125 0.5555556 0.3636364 0.2222222 0.25 0.3636364 0.25 0.5714286 0.1111111 0.1428571 0.1111111 0.2857143 0.3333333 0.25 0 0.6 0.5 0.3333333 0.1428571 0.1666667 0.3333333 0 0.5 0.6666667 0.4 0.6666667 0.4 0.2 0 1 0.5 0 0.6 1 0 0.5 0.5 1 0.3333333 1 0.5 1 0.3333333 1 0.25 0 1 0.5 0 0 0.3333333 0 0 0.5 0.5 1 1 0.5 0 0.6666667 0.5 0 0 1 0.5 0.6666667 0.5 0 0 0.5 0.5 0.5 0.5 0.173913
 0.2307692 0.05555556 0.2666667 0.3157895 0.2380952 0.0952381 0.25 0.1578947 0.2142857 0.1578947 0 0.5 0.3846154 0.2 0.1764706 0.5 0.6111111 0.5 0.2307692 0.3333333 0 0.2307692 0.3076923 0.5384615 0.6153846 0.3076923 0.4285714 0.2 0.3333333 0.3846154 0.3333333 0 0.4285714 0.4285714 0.5 0.2 0.2 0.3 0.5 0.6666667 0.3333333 0.5 0.3333333 0.6666667 0 0 0 0.2857143 0.8571429 0.2857143 0.5 0 0 0.5 1 0.5 1 0 1 0.6666667 0.3333333 0.25 0.5 0.3333333 0.25 1 0.5 0 1 1 1 1 0 0.5 1 0 1 1 0.3333333 0.5 1 0.5 0.5 0.3333333 0.5 1 1 0 0.5 0 0.5 1 1 0.5 0.5 0.5 1 0.5 0.5 0.2083333
 0.495671 0.3725 0.5811765 0.524173 0.7266355 0.4470046 0.6944444 0.3032581 0.3969697 0.5811966 0.439759 0.7405405 0.4700315 0.624183 0.4245283 0.7924528 0.826087 0.6345382 0.2816901 0.5 0.5703422 0.5263158 0.7777778 0.8278689 0.5984556 0.5333333 0.5470852 0.78125 0.8516746 0.7880184 0.6049383 0.7169811 0.8039216 0.6024096 0.7515152 0.6311475 0.4207317 0.6835443 0.7844828 0.8916667 0.4689655 0.8108108 0.606383 0.6555556 0.7 0.6888889 0.4655172 0.7029703 0.8526316 0.7181818 0.7428571 0.816092 0.4939759 0.65625 0.74 0.875 0.71875 0.7428571 0.8333333 0.8387097 0.4210526 0.7183099 0.7758621 0.7571429 0.7222222 0.8285714 0.7317073 0.8235294 0.902439 0.6666667 0.7619048 0.5 0.625 0.8166667 0.787234 0.6222222 0.8 0.875 0.4358974 0.84 0.9 0.6666667 0.9375 0.9047619 0.9166667 0.9473684 0.7941176 0.6896552 0.9333333 0.8421053 0.7 0.7727273 0.8421053 0.7368421 0.7307692 0.5789474 0.9166667 0.826087 0.7916667 0.5
]
