n: 62
m: 15
c:
[
 0.5 0.2666667 0.4666667 0.7333333 0.4285714 0.5333333 0.4666667 0.6 0.5 0.6666667 0.4666667 0.2 0.4666667 0.5333333 0.5 0.8 0.6428571 0.6923077 0.6666667 0.4666667 0.7142857 0.5833333 0.6 0.7272727 0.6666667 0.8333333 1 0.8333333 1 1 1 0.3636364 0.75 0.6153846 0.6666667 0.75 0.7 0.7142857 0.7142857 0.5 0.3333333 1 1 1 0.75 0 1 0.5 1 1 0.5 1 1 0 0 0 1 0 0.5 0 0 1
 0.7333333 0.5 0.6666667 0.8 0.7857143 0.8 0.8666667 0.8 0.5 0.8888889 0.6 0.5333333 0.7333333 0.8666667 1 1 0.7142857 0.7692308 0.8888889 0.6666667 0.7857143 0.8333333 0.7333333 0.9090909 0.7333333 1 1 1 0.8 1 1 0.6363636 1 0.9230769 1 0.75 0.9 1 0.8571429 1 1 1 1 1 0.5 0 1 1 1 1 1 1 1 1 1 1 1 1 1 1 1 1
 0.5333333 0.3333333 0.5 0.8666667 0.7142857 0.7333333 0.7333333 0.6666667 0.5 0.6666667 0.6 0.4 0.5333333 0.8 0.25 0.6 0.8571429 0.9230769 0.8888889 0.6 0.7142857 0.9166667 0.7333333 0.9090909 0.6666667 0.6666667 1 1 1 0.8 1 0.6363636 0.75 0.8461538 1 0.75 0.9 1 1 1 1 0.5 0.6666667 0.5 0.75 0 1 1 1 1 1 1 1 1 1 1 1 1 1 1 1 1
 0.2666667 0.2 0.1333333 0.5 0.2142857 0.2666667 0.2666667 0.2666667 0.5 0.4444444 0.06666667 0.1333333 0.4 0.3333333 0.5 0.6 0.2857143 0.4615385 0.4444444 0.2 0.4285714 0.4166667 0.3333333 0.5454545 0.4666667 0.5 1 0.8333333 0.8 0.8 1 0 0.5 0.3846154 1 0.75 0.6 0.4285714 0.4285714 0.5 0 0.5 0.6666667 0.5 0.5 0 1 1 0 1 0.75 1 1 1 1 1 1 0 0.5 0 0 1
 0.5714286 0.2142857 0.2857143 0.7857143 0.5 0.2857143 0.5 0.5 0.5 0.5 0.3571429 0.2142857 0.5 0.5 1 1 0.5384615 0.5 0.75 0.2857143 0.5384615 0.5454545 0.5714286 0.6 0.6428571 1 1 0.8333333 0.8 1 1 0.4 0.75 0.6666667 1 0.75 0.4444444 0.8333333 0.3333333 0 0 1 1 0.5 0.75 0 1 1 1 1 0.75 1 1 1 1 1 1 0 0.5 0 1 1
 0.4666667 0.2 0.2666667 0.7333333 0.7142857 0.5 0.6666667 0.6666667 1 0.7777778 0.4666667 0.3333333 0.4 0.6 0.75 0.6 0.7142857 0.6153846 0.8888889 0.4666667 0.7142857 0.8333333 0.6 0.9090909 0.6666667 0.8333333 0.6666667 1 0.8 0.8 1 0.5454545 1 0.8461538 1 0.75 0.8 0.7142857 0.4285714 1 1 0.5 0.6666667 0.5 0.75 1 1 1 1 1 0.75 1 1 1 1 1 1 1 1 0 1 0
 0.5333333 0.1333333 0.2666667 0.7333333 0.5 0.3333333 0.5 0.5333333 1 0.6666667 0.4 0.2666667 0.4 0.6666667 0.75 0.6 0.7142857 0.6153846 0.8888889 0.4666667 0.7142857 0.6666667 0.5333333 0.7272727 0.6 0.8333333 1 1 0.8 1 1 0.2727273 0.5 0.7692308 1 0.5 0.7 0.8571429 0.8571429 1 0.6666667 0.5 0.6666667 0.5 0.75 1 1 0.5 1 1 0.75 1 1 0 0 1 1 1 1 1 1 0
 0.4 0.2 0.3333333 0.7333333 0.5 0.3333333 0.4666667 0.5 0.5 0.7777778 0.4 0.2666667 0.6 0.6 0.75 1 0.5 0.6923077 0.7777778 0.4 0.7142857 0.8333333 0.6 1 0.5333333 1 1 1 1 1 1 0.3636364 1 0.9230769 1 0.75 0.8 0.8571429 0.8571429 1 0.6666667 0.5 0.6666667 0.5 1 0 1 1 1 1 1 1 1 1 1 1 1 1 1 1 1 1
 0.5 0.5 0.5 0.5 0.5 0 0 0.5 0.5 1 1 0.5 1 1 1 1 1 0.5 1 0.5 1 1 0.5 1 1 1 1 1 1 1 1 0.5 0.5 0.5 0.5 0.5 0.5 0.5 0.5 0.5 0.5 0.5 1 0.5 1 1 1 1 0.5 0.5 0.5 0.5 0.5 0.5 0.5 0.5 0.5 0.5 0.5 0.5 0.5 0.5
 0.3333333 0.1111111 0.3333333 0.5555556 0.5 0.2222222 0.3333333 0.2222222 0 0.5 0.4444444 0.1111111 0.4444444 0.3333333 0.5 0.6 0.4444444 0.5555556 0.7142857 0.2222222 0.8888889 1 0.5555556 0.6666667 0.6666667 0.5 1 1 1 0.8 1 0.4 0.5 0.4285714 0.5 1 0.4 0.6666667 0.6 0.5 0 0.5 0.6666667 0.5 0.75 0 1 1 1 1 1 1 1 0.5 0.5 0.5 1 0 1 0.5 0.5 1
 0.5333333 0.4 0.4 0.9333333 0.6428571 0.5333333 0.6 0.6 0 0.5555556 0.5 0.2666667 0.6 0.6666667 1 1 0.6428571 0.7692308 0.7777778 0.5333333 0.7142857 0.8333333 0.7333333 0.8181818 0.7333333 1 1 1 0.8 1 1 0.2727273 1 0.8461538 1 1 0.8 1 0.8571429 0.5 0.3333333 1 1 1 0.5 0 1 1 1 1 1 1 1 1 1 1 1 0 1 1 1 1
 0.8 0.4666667 0.6 0.8666667 0.7857143 0.6666667 0.7333333 0.7333333 0.5 0.8888889 0.7333333 0.5 0.5333333 0.8666667 1 1 0.7857143 0.8461538 1 0.7333333 0.9285714 0.9166667 0.8 0.9090909 0.9333333 0.8333333 1 1 1 1 1 0.9090909 0.75 0.8461538 1 1 0.9 0.8571429 0.8571429 1 1 1 1 1 1 1 1 0.5 1 1 0.75 1 1 0 0 1 1 1 1 0 1 1
 0.5333333 0.2666667 0.4666667 0.6 0.5 0.6 0.6 0.4 0 0.5555556 0.4 0.4666667 0.5 0.7333333 0.5 0.4 0.5714286 0.6923077 0.8888889 0.6 0.7142857 0.75 0.6 0.8181818 0.7333333 0.6666667 1 1 0.8 0.8 1 0.7272727 0.75 0.6923077 0.6666667 0.75 0.8 0.8571429 0.7142857 1 1 0.5 0.6666667 0.5 0.5 0 1 0.5 1 1 0.75 1 1 0 1 1 1 1 1 1 1 1
 0.4666667 0.1333333 0.2 0.6666667 0.5 0.4 0.3333333 0.4 0 0.6666667 0.3333333 0.1333333 0.2666667 0.5 0.25 0.6 0.5714286 0.4615385 0.5555556 0.4666667 0.7142857 0.6666667 0.6 0.6363636 0.6666667 0.6666667 0.6666667 1 1 0.8 1 0.4545455 0.75 0.6923077 1 0.75 0.6 0.7142857 0.5714286 0.5 0 0 0.3333333 0.5 0.75 0 1 0.5 1 1 0.75 1 1 0 0 1 1 0 1 0 1 1
 0.5 0 0.75 0.5 0 0.25 0.25 0.25 0 0.5 0 0 0.5 0.75 0.5 0.75 0.5 0.75 0.6666667 0.25 0.75 1 0.25 1 0.75 0.6666667 1 1 1 1 1 0.5 0.5 0.5 0.5 0.5 0.5 0.5 0.5 0.5 0.5 1 0.6666667 0.5 0.6666667 0 1 1 0.5 0.5 0.5 0.5 0.5 0.5 0.5 0.5 1 0.5 0.5 0.5 0.5 0.5
 0.2 0 0.4 0.4 0 0.4 0.4 0 0 0.4 0 0 0.6 0.4 0.25 0.5 0.4 0.6 0.75 0.2 0.6 0.5 0.2 1 0.8 0.75 1 1 0.75 0.75 1 0 0.5 0.3333333 0.5 1 1 0.5 0 0.5 0.5 0.5 0.6666667 0.5 0.5 0 1 1 0.5 0.5 0.5 0.5 0.5 0.5 0.5 0.5 1 0.5 0.5 0.5 0.5 1
 0.3571429 0.2857143 0.1428571 0.7142857 0.4615385 0.2857143 0.2857143 0.5 0 0.5555556 0.3571429 0.2142857 0.4285714 0.4285714 0.5 0.6 0.5 0.6666667 0.7777778 0.4285714 0.6923077 0.6363636 0.5 0.7 0.5714286 0.6666667 1 1 1 1 1 0.3 0.3333333 0.5833333 0.5 0.75 0.7 0.8571429 0.8571429 1 0.6666667 0.5 0.6666667 0.5 1 1 1 1 1 1 1 1 1 0.5 0.5 0.5 1 1 1 1 1 1
 0.3076923 0.2307692 0.07692308 0.5384615 0.5 0.3846154 0.3846154 0.3076923 0.5 0.4444444 0.2307692 0.1538462 0.3076923 0.5384615 0.25 0.4 0.3333333 0.5 0.8888889 0.3846154 0.5 0.6 0.5384615 0.6666667 0.4615385 0.5 0.6666667 1 0.6 0.6 1 0.2222222 1 0.6363636 1 1 0.625 0.5 0.8571429 1 0.6666667 0 0.6666667 0.5 0.75 1 1 1 1 1 0.75 1 1 1 1 1 0 1 1 1 1 1
 0.3333333 0.1111111 0.1111111 0.5555556 0.25 0.1111111 0.1111111 0.2222222 0 0.2857143 0.2222222 0 0.1111111 0.4444444 0.3333333 0.25 0.2222222 0.1111111 0.5 0.3333333 0.4444444 0.2857143 0.3333333 0.4285714 0.4444444 0.6 0.5 1 0.75 0.75 1 0 0.5 0.2857143 0.5 0.5 0.6666667 0.75 0.4 0.5 0.3333333 0 0.5 1 0.6666667 0 1 1 1 1 1 1 1 0.5 0.5 0.5 0.5 1 1 0.5 0.5 0
 0.5333333 0.3333333 0.4 0.8 0.7142857 0.5333333 0.5333333 0.6 0.5 0.7777778 0.4666667 0.2666667 0.4 0.5333333 0.75 0.8 0.5714286 0.6153846 0.6666667 0.5 0.9285714 0.8333333 0.7333333 0.7272727 0.8 0.8333333 1 1 1 1 1 0.3636364 1 0.8461538 1 1 0.6 0.5714286 0.7142857 0.5 0.3333333 1 1 0.5 1 1 1 1 1 1 0.75 1 1 1 1 1 1 0 1 0 1 1
 0.2857143 0.2142857 0.2857143 0.5714286 0.4615385 0.2857143 0.2857143 0.2857143 0 0.1111111 0.2857143 0.07142857 0.2857143 0.2857143 0.25 0.4 0.3076923 0.5 0.5555556 0.07142857 0.5 0.4545455 0.4285714 0.5454545 0.3571429 0.6666667 0.6666667 0.8 1 0.8 1 0.2 0.3333333 0.4166667 1 0.75 0.4444444 0.6666667 0.3333333 0.5 0.6666667 0 0.3333333 0 1 0 0.5 1 1 1 1 1 1 1 1 1 0 0 0.5 0.5 0.5 1
 0.4166667 0.1666667 0.08333333 0.5833333 0.4545455 0.1666667 0.3333333 0.1666667 0 0 0.1666667 0.08333333 0.25 0.3333333 0 0.5 0.3636364 0.4 0.7142857 0.1666667 0.5454545 0.5 0.5833333 0.6363636 0.3333333 1 1 0.8 1 1 1 0.2727273 0.75 0.5454545 1 0.75 0.5 0.5714286 0.5714286 0 0.3333333 0.5 0.5 0.5 1 0.5 1 0 1 1 0.75 1 1 0 1 1 0.5 0 0.5 0 0 1
 0.4 0.2666667 0.2666667 0.6666667 0.4285714 0.4 0.4666667 0.4 0.5 0.4444444 0.2666667 0.2 0.4 0.4 0.75 0.8 0.5 0.4615385 0.6666667 0.2666667 0.5714286 0.4166667 0.5 0.5454545 0.6 1 1 1 0.8 1 1 0.1818182 0.5 0.6153846 1 0.75 0.5 0.7142857 0.7142857 0.5 0.3333333 1 1 1 0.75 1 1 0.5 1 1 1 1 1 0 0 1 1 0 0.5 1 1 1
 0.2727273 0.09090909 0.09090909 0.4545455 0.4 0.09090909 0.2727273 0 0 0.3333333 0.1818182 0.09090909 0.1818182 0.3636364 0 0 0.3 0.3333333 0.5714286 0.2727273 0.4545455 0.3636364 0.4545455 0.5 0.2727273 1 1 1 0.6666667 1 1 0.1 0.3333333 0.6 1 0.5 0.5555556 0.8333333 0.5 0.5 0.6666667 0.5 0.5 0.5 0 0.5 1 0 1 1 1 1 1 0 1 1 0.5 1 1 0.5 0.5 0
 0.3333333 0.2666667 0.3333333 0.5333333 0.3571429 0.3333333 0.4 0.4666667 0 0.3333333 0.2666667 0.06666667 0.2666667 0.3333333 0.25 0.2 0.4285714 0.5384615 0.5555556 0.2 0.6428571 0.6666667 0.4 0.7272727 0.5 0.5 0.6666667 0.8333333 0.8 0.8 1 0.2727273 1 0.6153846 1 1 0.7 0.5714286 0.5714286 1 0.6666667 0 0.3333333 0 0.5 0 1 1 1 1 0.75 1 1 1 1 1 1 1 1 0 1 1
 0.1666667 0 0.3333333 0.5 0 0.1666667 0.1666667 0 0 0.5 0 0.1666667 0.3333333 0.3333333 0.3333333 0.25 0.3333333 0.5 0.4 0.1666667 0.3333333 0 0 0 0.5 0.5 1 1 0.6666667 1 1 0 0.5 0 0.5 0 0.3333333 1 0 0.5 0 0.5 0.5 0.5 0.6666667 0.5 0.5 0.5 0.5 0.5 1 0.5 0.5 0.5 0.5 0.5 1 0.5 0.5 0.5 0.5 0
 0 0 0 0 0 0.3333333 0 0 0 0 0 0 0 0.3333333 0 0 0 0.3333333 0.5 0 0.3333333 0 0 0 0.3333333 0 0.5 0.5 1 0.5 1 0 0.5 0 0.5 0.5 0 0 0 0.5 0.5 0 1 1 1 0.5 0 0.5 0.5 0.5 0.5 0.5 0.5 0.5 0.5 0.5 0.5 0.5 0 0.5 0.5 0.5
 0.1666667 0 0 0.1666667 0.1666667 0 0 0 0 0 0 0 0 0 0 0 0 0 0 0 0.2 0.2 0 0 0.1666667 0 0.5 0.5 1 1 1 0.25 1 0 0.5 1 0.25 0.3333333 0.5 0 0 0.5 1 0.5 0 0 0.5 0 0 1 0.5 1 1 0.5 0.5 0.5 0.5 0 0.5 0 1 0.5
 0 0.2 0 0.2 0.2 0.2 0.2 0 0 0 0.2 0 0.2 0 0 0.25 0 0.4 0.25 0 0 0 0.2 0.3333333 0.2 0.3333333 0 0 0.5 0.75 1 0.5 0.5 0.3333333 0.5 1 1 0.5 1 0.5 0.5 0 0 0 0.3333333 0 0 0 0 0 1 1 1 0.5 0.5 0.5 0 0.5 0.5 0.5 0.5 1
 0 0 0.2 0.2 0 0.2 0 0 0 0.2 0 0 0.2 0.2 0 0.25 0 0.4 0.25 0 0.2 0 0 0 0.2 0 0.5 0 0.25 0.5 1 0 0.5 0 0.5 1 0 0.5 0 0.5 0.5 0.5 0.3333333 0.5 0.3333333 0 0 0 0 0 0 0 0 0.5 0.5 0.5 0 0.5 0.5 0.5 0.5 0.5
 0 0 0 0 0 0 0 0 0 0 0 0 0 0 0 0 0 0 0 0 0 0 0 0 0 0 0 0 0 0 0.5 0.5 0.5 0.5 0.5 0.5 0.5 0.5 0.5 0.5 0.5 0.5 0.5 0.5 0.5 0.5 0.5 0.5 0.5 0.5 0.5 0.5 0.5 0.5 0.5 0.5 0.5 0.5 0.5 0.5 0.5 0.5
 0.6363636 0.3636364 0.3636364 1 0.6 0.4545455 0.7272727 0.6363636 0.5 0.6 0.7272727 0.09090909 0.2727273 0.5454545 0.5 1 0.7 0.7777778 1 0.6363636 0.8 0.7272727 0.8181818 0.9 0.7272727 1 1 0.75 0.5 1 0.5 0.5 1 0.8181818 1 1 0.8 0.8571429 0.8571429 1 0.6666667 0.5 0.5 0.5 0 0.5 1 1 1 1 0.75 1 1 1 1 1 0.5 1 1 0 1 1
 0.25 0 0.25 0.5 0.25 0 0.5 0 0.5 0.5 0 0.25 0.25 0.25 0.5 0.5 0.6666667 0 0.5 0 0.6666667 0.25 0.5 0.6666667 0 0.5 0.5 0 0.5 0.5 0.5 0 0.5 0.75 1 0.5 0.3333333 0.5 0 0.5 0.5 0.5 0.5 0.5 0.5 0.5 0.5 0 0.5 0.5 0.5 0.5 0.5 0 1 1 0.5 0.5 0.5 0 0 0.5
 0.3846154 0.07692308 0.1538462 0.6153846 0.3333333 0.1538462 0.2307692 0.07692308 0.5 0.5714286 0.1538462 0.1538462 0.3076923 0.3076923 0.5 0.6666667 0.4166667 0.3636364 0.7142857 0.1538462 0.5833333 0.4545455 0.3846154 0.4 0.3846154 1 1 1 0.6666667 1 0.5 0.1818182 0.25 0.5 1 0.75 0.4 0.7142857 0.4285714 0.5 0 0.5 0.5 0.5 0.6666667 0.5 1 0 1 1 0.75 1 1 0 0 1 1 0 1 0 1 1
 0.3333333 0 0 0 0 0 0 0 0.5 0.5 0 0 0.3333333 0 0.5 0.5 0.5 0 0.5 0 0 0 0 0 0 0.5 0.5 0.5 0.5 0.5 0.5 0 0 0 0.5 0.5 0.5 1 0.5 0.5 0.5 0.5 0.5 0.5 0.5 0.5 0.5 0 0.5 0.5 0 0.5 0.5 0 0 0 0.5 0.5 0.5 0.5 0.5 0.5
 0.25 0.25 0.25 0.25 0.25 0.25 0.5 0.25 0.5 0 0 0 0.25 0.25 0.5 0 0.25 0 0.5 0 0.25 0.25 0.25 0.5 0 1 0.5 0 0 0 0.5 0 0.5 0.25 0.5 0.5 0.75 1 0 0.5 0.5 0.5 0.5 0.5 0 0.5 0.5 0.5 0 0 0 0 0 0.5 0.5 0.5 0.5 0.5 0.5 0.5 0.5 1
 0.3 0.1 0.1 0.4 0.5555556 0.2 0.3 0.2 0.5 0.6 0.2 0.1 0.2 0.4 0.5 0 0.3 0.375 0.3333333 0.4 0.5555556 0.5 0.5 0.4444444 0.3 0.6666667 1 0.75 0 1 0.5 0.2 0.6666667 0.6 0.5 0.25 0.5 0.7142857 0.5714286 1 0.6666667 0.5 0.5 0.5 0 0.5 1 0.5 0 0 0.6666667 0 0 0.5 0.5 0.5 0.5 1 1 1 1 0
 0.2857143 0 0 0.5714286 0.1666667 0.2857143 0.1428571 0.1428571 0.5 0.3333333 0 0.1428571 0.1428571 0.2857143 0.5 0.5 0.1428571 0.5 0.25 0.4285714 0.3333333 0.4285714 0.2857143 0.1666667 0.4285714 0 1 0.6666667 0.5 0.5 0.5 0.1428571 0.5 0.2857143 0 0 0.2857143 0.5 0.4 0.5 0 0.5 0.5 0.5 0.5 0.5 0 0.5 0.5 0.5 0.5 0.5 0.5 0.5 0.5 0.5 0.5 0 0 1 1 0.5
 0.2857143 0.1428571 0 0.5714286 0.6666667 0.5714286 0.1428571 0.1428571 0.5 0.4 0.1428571 0.1428571 0.2857143 0.4285714 0.5 1 0.1428571 0.1428571 0.6 0.2857143 0.6666667 0.4285714 0.2857143 0.5 0.4285714 1 1 0.5 0 1 0.5 0.1428571 1 0.5714286 0.5 1 0.4285714 0.6 0.5 0.5 1 0.5 0.5 0.5 0 0.5 1 0.5 0 0 0 0 1 0.5 0.5 0.5 0.5 1 1 1 1 1
 0.5 0 0 0.5 1 0 0 0 0.5 0.5 0.5 0 0 0.5 0.5 0.5 0 0 0.5 0.5 0.5 1 0.5 0.5 0 0.5 0.5 1 0.5 0.5 0.5 0 0.5 0.5 0.5 0.5 0 0.5 0.5 0.5 1 0.5 0.5 0.5 0.5 0.5 0.5 0.5 0.5 0.5 0.5 0.5 0.5 0.5 0.5 0.5 0.5 1 1 0.5 0.5 0.5
 0.6666667 0 0 1 1 0 0.3333333 0.3333333 0.5 1 0.6666667 0 0 1 0.5 0.5 0.3333333 0.3333333 0.6666667 0.6666667 0.3333333 0.6666667 0.6666667 0.3333333 0.3333333 1 0.5 1 0.5 0.5 0.5 0.3333333 0.5 1 0.5 0.5 0.3333333 1 0 0 0.5 0.5 0.5 0.5 0.5 0.5 0.5 0.5 0.5 0.5 1 0.5 0.5 0.5 0.5 0.5 0.5 0 1 0.5 0.5 0.5
 0 0 0.5 0.5 0 0.5 0.5 0.5 0.5 0.5 0 0 0.5 1 0 0.5 0.5 1 1 0 1 0.5 0 0.5 1 0.5 1 0.5 1 0.5 0.5 0.5 0.5 0.5 0.5 0.5 0.5 0.5 0.5 0.5 0.5 0.5 0.5 0.5 1 0.5 0.5 0.5 0.5 0.5 0.5 0.5 0.5 0.5 0.5 0.5 1 0.5 0.5 0.5 0.5 0.5
 0 0 0.3333333 0.3333333 0 0.3333333 0.3333333 0.3333333 0 0.3333333 0 0 0.3333333 0.6666667 0.3333333 0.3333333 0.3333333 0.3333333 0.5 0 0.6666667 0.5 0 0.5 0.6666667 0.5 0 0 1 0.6666667 0.5 0.5 0.5 0.5 0.5 0.5 0.5 0.5 0.5 0.5 0.5 0.5 0.5 0.5 0.6666667 0 0 0 0.5 0.5 0.5 0.5 0.5 0.5 0.5 0.5 1 0.5 0.5 0.5 0.5 0.5
 0 0 0.5 0.5 0.5 0.5 0.5 0.5 0.5 0.5 0 0 0.5 0.5 0.5 0.5 0.5 0.5 0 0.5 1 0.5 0 0.5 1 0.5 0 0.5 1 0.5 0.5 0.5 0.5 0.5 0.5 0.5 0.5 0.5 0.5 0.5 0.5 0.5 0.5 0.5 1 0.5 0.5 0.5 0.5 0.5 0.5 0.5 0.5 0.5 0.5 0.5 1 0.5 0.5 0.5 0.5 0.5
 0.25 0.5 0.25 0.5 0.25 0.25 0.25 0 0 0.25 0.5 0 0.5 0.25 0.3333333 0.5 0 0.25 0.3333333 0 0 0 0.25 1 0.5 0.3333333 0 1 0.6666667 0.6666667 0.5 1 0.5 0.3333333 0.5 1 1 0.5 1 0.5 0.5 0 0.3333333 0 0.5 0 1 1 0.5 0.5 0.5 0.5 0.5 0.5 0.5 0.5 0 0.5 0.5 0.5 0.5 1
 1 1 1 1 1 0 0 1 0 1 1 0 1 1 1 1 0 0 1 0 1 0.5 0 0.5 1 0.5 0.5 1 1 1 0.5 0.5 0.5 0.5 0.5 0.5 0.5 0.5 0.5 0.5 0.5 0.5 1 0.5 1 0.5 1 1 0.5 0.5 0.5 0.5 0.5 0.5 0.5 0.5 0.5 0.5 0.5 0.5 0.5 0.5
 0 0 0 0 0 0 0 0 0 0 0 0 0 0 0 0 0 0 0 0 0.5 0 0 0 0 0.5 1 0.5 1 1 0.5 0 0.5 0 0.5 0.5 0 1 0 0.5 0.5 0.5 1 0.5 0 0 0.5 1 0.5 0.5 0.5 0.5 0.5 0.5 0.5 0.5 0.5 0.5 1 0.5 0.5 0.5
 0.5 0 0 0 0 0 0.5 0 0 0 0 0.5 0.5 0.5 0 0 0 0 0 0 0 1 0.5 1 0 0.5 0.5 1 1 1 0.5 0 1 1 1 0.5 0.5 0.5 0.5 0.5 0.5 0.5 1 0.5 0 0 0 0.5 0.5 0.5 1 0.5 0.5 1 1 1 0.5 0.5 0.5 0.5 0.5 0.5
 0 0 0 1 0 0 0 0 0.5 0 0 0 0 0 0.5 0.5 0 0 0 0 0 0 0 0 0 0.5 0.5 1 1 1 0.5 0 0.5 0 0.5 1 1 0.5 1 0.5 0.5 0.5 0.5 0.5 0.5 0.5 0.5 0.5 0.5 1 1 1 1 0.5 0.5 0.5 0.5 0.5 0.5 0.5 0.5 0.5
 0 0 0 0 0 0 0 0 0.5 0 0 0 0 0 0.5 0.5 0 0 0 0 0 0 0 0 0 0.5 0.5 0 1 1 0.5 0 0.5 0 0.5 1 1 0.5 1 0.5 0.5 0.5 0.5 0.5 0.5 0.5 0.5 0.5 0 0.5 1 1 1 0.5 0.5 0.5 0.5 0.5 0.5 0.5 0.5 0.5
 0.5 0 0 0.25 0.25 0.25 0.25 0 0.5 0 0 0.25 0.25 0.25 0.5 0.5 0 0.25 0 0.25 0 0.25 0 0 0.25 0 0.5 0.5 0 1 0.5 0.25 0.5 0.25 1 1 0.3333333 0.5 1 0.5 0 0.5 0.5 0.5 0.5 0.5 0.5 0 0 0 0.5 1 1 0 0 0 0.5 0.5 0.5 1 1 0.5
 0 0 0 0 0 0 0 0 0.5 0 0 0 0 0 0.5 0.5 0 0 0 0 0 0 0 0 0 0.5 0.5 0 0 1 0.5 0 0.5 0 0.5 1 1 0.5 1 0.5 0.5 0.5 0.5 0.5 0.5 0.5 0.5 0.5 0 0 0 0.5 1 0.5 0.5 0.5 0.5 0.5 0.5 0.5 0.5 0.5
 0 0 0 0 0 0 0 0 0.5 0 0 0 0 0 0.5 0.5 0 0 0 0 0 0 0 0 0 0.5 0.5 0 0 1 0.5 0 0.5 0 0.5 1 1 0.5 0 0.5 0.5 0.5 0.5 0.5 0.5 0.5 0.5 0.5 0 0 0 0 0.5 0.5 0.5 0.5 0.5 0.5 0.5 0.5 0.5 0.5
 1 0 0 0 0 0 1 0 0.5 0.5 0 1 1 1 0.5 0.5 0.5 0 0.5 0 0 1 1 1 0 0.5 0.5 0.5 0.5 0.5 0.5 0 1 1 1 0.5 0.5 0.5 0.5 0.5 0.5 0.5 0.5 0.5 0.5 0.5 0.5 0 0.5 0.5 1 0.5 0.5 0.5 1 1 0.5 0.5 0.5 0.5 0.5 0.5
 1 0 0 0 0 0 1 0 0.5 0.5 0 1 0 1 0.5 0.5 0.5 0 0.5 0 0 0 1 0 0 0.5 0.5 0.5 0.5 0.5 0.5 0 0 1 1 0.5 0.5 0.5 0.5 0.5 0.5 0.5 0.5 0.5 0.5 0.5 0.5 0 0.5 0.5 1 0.5 0.5 0 0.5 1 0.5 0.5 0.5 0.5 0.5 0.5
 1 0 0 0 0 0 0 0 0.5 0.5 0 0 0 0 0.5 0.5 0.5 0 0.5 0 0 0 0 0 0 0.5 0.5 0.5 0.5 0.5 0.5 0 0 0 1 0.5 0.5 0.5 0.5 0.5 0.5 0.5 0.5 0.5 0.5 0.5 0.5 0 0.5 0.5 1 0.5 0.5 0 0 0.5 0.5 0.5 0.5 0.5 0.5 0.5
 0 0 0 0 0 0 0 0 0.5 0 0 0 0 0 0 0 0 1 0.5 0 1 0.5 0 0.5 0 0 0.5 0.5 1 1 0.5 0.5 0.5 0 0.5 0.5 0.5 0.5 0.5 0.5 0.5 0 0 0 1 0.5 0.5 0.5 0.5 0.5 0.5 0.5 0.5 0.5 0.5 0.5 0.5 0.5 0.5 0.5 0.5 0.5
 1 0 0 1 1 0 0 0 0.5 1 1 0 0 1 0.5 0.5 0 0 0 1 1 1 1 0 0 0.5 0.5 1 0.5 0.5 0.5 0 0.5 1 0.5 0.5 0 1 0 0 1 0.5 0.5 0.5 0.5 0.5 0.5 0.5 0.5 0.5 0.5 0.5 0.5 0.5 0.5 0.5 0.5 0.5 1 0.5 0.5 0.5
 0.5 0 0 0.5 0.5 0 0 0 0.5 0 0 0 0 0 0.5 0.5 0 0 0 0 0.5 0.5 0.5 0 0 0.5 1 0.5 0.5 0.5 0.5 0 0.5 0 0.5 0.5 0 1 0 0 0 0.5 0.5 0.5 0.5 0.5 0 0.5 0.5 0.5 0.5 0.5 0.5 0.5 0.5 0.5 0.5 0 0.5 0.5 0.5 0.5
 1 0 0 1 1 1 0 0 0.5 0.5 0 1 0 1 0.5 0.5 0 0 0.5 1 0.5 1 0 0.5 1 0.5 0.5 1 0.5 0.5 0.5 1 1 1 0.5 0.5 0 0 0 0.5 0.5 0.5 0.5 0.5 0.5 0.5 0.5 0.5 0.5 0.5 0 0.5 0.5 0.5 0.5 0.5 0.5 0.5 0.5 0.5 1 0.5
 1 0 0 1 0 0 0 0 0.5 0.5 0 0 0 0 0.5 0.5 0 0 0.5 0 0.5 1 0 0.5 0 0.5 0.5 0 0.5 0.5 0.5 0 1 0 0.5 0.5 0 0 0 0.5 0.5 0.5 0.5 0.5 0.5 0.5 0.5 0.5 0.5 0.5 0 0.5 0.5 0.5 0.5 0.5 0.5 0.5 0.5 0 0.5 0.5
 0 0 0 0 0 1 1 0 0.5 0 0 0 0 0 0.5 0 0 0 1 0 0 0 0 1 0 1 0.5 0.5 0 0.5 0.5 0 0.5 0 0.5 0 1 0.5 0 0.5 0.5 0.5 0.5 0.5 0 0.5 0.5 0.5 0.5 0.5 0.5 0.5 0.5 0.5 0.5 0.5 0.5 0.5 0.5 0.5 0.5 0.5
]
